Date,Open,High,Low,Close,Adj Close,Volume
2013-08-02,63.130001,64.120003,62.590000,63.419998,63.419998,24800
2013-08-05,63.560001,63.709999,62.900002,63.509998,63.509998,14300
2013-08-06,63.000000,63.939999,63.000000,63.509998,63.509998,39100
2013-08-07,63.220001,64.339996,62.500000,63.790001,63.790001,38100
2013-08-08,64.190002,64.779999,63.750000,64.750000,64.750000,23300
2013-08-09,64.330002,65.989998,64.000000,65.510002,65.510002,33000
2013-08-12,65.129997,65.620003,64.970001,65.550003,65.550003,19400
2013-08-13,65.610001,66.430000,65.540001,66.419998,66.419998,75400
2013-08-14,66.470001,66.879997,65.739998,65.830002,65.830002,38600
2013-08-15,65.209999,65.930000,65.000000,65.110001,65.110001,39200
2013-08-16,64.900002,65.669998,64.889999,65.080002,65.080002,43200
2013-08-19,64.769997,65.750000,64.300003,64.320000,64.320000,29100
2013-08-20,64.269997,65.309998,64.269997,65.150002,65.150002,16400
2013-08-21,65.160004,65.510002,64.510002,65.050003,65.050003,26500
2013-08-22,65.620003,66.110001,65.620003,66.099998,66.099998,16700
2013-08-23,66.070000,66.910004,66.070000,66.800003,66.800003,16700
2013-08-26,66.730003,67.160004,66.279999,66.550003,66.550003,26900
2013-08-27,66.250000,66.599998,65.279999,65.360001,65.360001,27000
2013-08-28,65.720001,66.300003,65.480003,65.529999,65.529999,29600
2013-08-29,65.720001,66.669998,65.720001,66.180000,66.180000,28000
2013-08-30,66.150002,67.250000,65.839996,66.110001,66.110001,47700
2013-09-03,66.839996,67.400002,65.389999,65.940002,65.940002,44200
2013-09-04,66.099998,66.129997,65.610001,65.970001,65.970001,19700
2013-09-05,66.320000,66.320000,65.620003,65.769997,65.769997,15200
2013-09-06,66.220001,66.220001,65.050003,65.610001,65.610001,20900
2013-09-09,65.849998,66.510002,65.139999,66.449997,66.449997,31900
2013-09-10,67.930000,68.099998,65.699997,66.570000,66.570000,39800
2013-09-11,66.680000,66.699997,66.290001,66.550003,66.550003,23900
2013-09-12,66.000000,67.940002,66.000000,66.519997,66.519997,22800
2013-09-13,66.620003,66.959999,66.220001,66.680000,66.680000,42200
2013-09-16,67.269997,67.910004,66.900002,67.419998,67.419998,19400
2013-09-17,66.599998,69.089996,66.599998,68.260002,68.260002,26300
2013-09-18,68.309998,69.860001,67.739998,69.480003,69.480003,52300
2013-09-19,69.739998,70.730003,69.180000,70.330002,70.330002,55100
2013-09-20,70.419998,70.739998,69.709999,69.940002,69.940002,89500
2013-09-23,70.000000,70.400002,69.639999,69.800003,69.800003,62500
2013-09-24,69.349998,70.290001,68.919998,69.120003,69.120003,39000
2013-09-25,69.139999,69.699997,68.199997,68.510002,68.510002,33800
2013-09-26,68.550003,68.800003,67.629997,68.180000,68.180000,32800
2013-09-27,67.699997,68.110001,67.559998,67.879997,67.879997,47400
2013-09-30,67.000000,68.070000,67.000000,67.730003,67.730003,48700
2013-10-01,67.230003,68.989998,67.230003,67.900002,67.900002,31700
2013-10-02,67.339996,68.620003,67.110001,67.879997,67.879997,26700
2013-10-03,66.989998,67.459999,66.010002,67.300003,67.300003,55400
2013-10-04,67.120003,67.989998,67.120003,67.790001,67.790001,9000
2013-10-07,67.300003,68.029999,67.080002,67.160004,67.160004,7200
2013-10-08,67.879997,67.879997,64.709999,65.190002,65.190002,39300
2013-10-09,65.580002,65.599998,64.529999,65.199997,65.199997,21900
2013-10-10,65.900002,66.849998,65.900002,66.449997,66.449997,19200
2013-10-11,66.120003,67.199997,66.110001,66.989998,66.989998,21600
2013-10-14,66.430000,67.400002,66.279999,67.050003,67.050003,13700
2013-10-15,67.400002,67.400002,66.290001,66.480003,66.480003,14800
2013-10-16,66.559998,67.110001,66.360001,66.760002,66.760002,28300
2013-10-17,66.449997,67.110001,66.449997,66.959999,66.959999,19000
2013-10-18,67.720001,67.959999,66.660004,67.940002,67.940002,509500
2013-10-21,67.940002,68.489998,67.599998,68.139999,68.139999,40400
2013-10-22,68.019997,68.389999,67.470001,68.379997,68.379997,88200
2013-10-23,68.010002,69.309998,67.519997,69.000000,69.000000,58600
2013-10-24,68.910004,69.459999,67.830002,69.139999,69.139999,66100
2013-10-25,69.519997,69.519997,68.510002,68.849998,68.849998,50000
2013-10-28,71.410004,72.660004,70.059998,71.879997,71.879997,203900
2013-10-29,71.919998,72.080002,71.059998,71.860001,71.860001,49000
2013-10-30,72.110001,72.110001,71.099998,71.260002,71.260002,50700
2013-10-31,71.089996,73.120003,71.000000,71.370003,71.370003,76500
2013-11-01,71.150002,72.809998,70.599998,72.199997,72.199997,66700
2013-11-04,72.260002,72.959999,71.889999,72.400002,72.400002,38200
2013-11-05,72.500000,72.940002,72.040001,72.059998,72.059998,22500
2013-11-06,71.910004,72.000000,71.250000,71.489998,71.489998,16500
2013-11-07,70.010002,72.269997,70.010002,70.480003,70.480003,22100
2013-11-08,70.400002,71.959999,70.400002,70.790001,70.790001,22700
2013-11-11,70.470001,71.500000,70.290001,71.459999,71.459999,34200
2013-11-12,71.059998,72.599998,71.059998,71.860001,71.860001,99600
2013-11-13,71.949997,72.269997,71.599998,71.989998,71.989998,48100
2013-11-14,71.930000,72.949997,71.930000,72.360001,72.360001,59900
2013-11-15,72.220001,72.900002,72.169998,72.459999,72.459999,54300
2013-11-18,72.650002,73.349998,72.050003,72.639999,72.639999,61300
2013-11-19,72.800003,73.050003,71.830002,72.470001,72.470001,25300
2013-11-20,72.500000,73.040001,72.050003,72.510002,72.510002,23100
2013-11-21,72.620003,73.669998,72.430000,73.400002,73.400002,49600
2013-11-22,73.639999,74.820000,73.379997,73.940002,73.940002,46100
2013-11-25,73.779999,74.930000,73.720001,74.800003,74.800003,39500
2013-11-26,74.800003,76.599998,74.720001,76.309998,76.309998,43900
2013-11-27,76.580002,78.580002,76.580002,78.379997,78.379997,43300
2013-11-29,78.900002,79.260002,78.669998,78.930000,78.930000,14600
2013-12-02,78.010002,78.639999,77.290001,78.070000,78.070000,63800
2013-12-03,77.760002,78.430000,77.459999,77.830002,77.830002,51000
2013-12-04,77.449997,78.599998,76.769997,76.940002,76.940002,42400
2013-12-05,77.160004,77.980003,76.239998,76.430000,76.430000,30800
2013-12-06,77.089996,77.309998,76.410004,76.440002,76.440002,22300
2013-12-09,76.730003,76.930000,76.080002,76.529999,76.529999,35900
2013-12-10,76.199997,76.889999,75.589996,76.540001,76.540001,49700
2013-12-11,76.199997,76.519997,74.849998,75.349998,75.349998,42900
2013-12-12,75.239998,76.349998,74.800003,76.129997,76.129997,94300
2013-12-13,76.400002,78.250000,76.400002,78.040001,78.040001,122900
2013-12-16,78.230003,79.150002,78.000000,78.900002,78.900002,53700
2013-12-17,79.000000,79.720001,76.709999,77.129997,77.129997,49300
2013-12-18,77.010002,77.900002,75.769997,77.599998,77.599998,53900
2013-12-19,77.010002,78.160004,77.010002,77.550003,77.550003,58200
2013-12-20,78.260002,79.410004,77.410004,78.209999,78.209999,123600
2013-12-23,79.940002,79.940002,77.610001,78.730003,78.730003,52700
2013-12-24,78.879997,79.360001,78.510002,78.720001,78.720001,9000
2013-12-26,78.129997,79.000000,78.129997,78.690002,78.690002,20700
2013-12-27,79.080002,79.120003,78.510002,78.720001,78.720001,47900
2013-12-30,79.650002,80.290001,78.480003,80.120003,80.120003,56500
2013-12-31,80.699997,81.360001,80.139999,80.980003,80.980003,133500
2014-01-02,80.680000,80.680000,79.250000,79.529999,79.529999,63000
2014-01-03,79.440002,79.750000,79.260002,79.610001,79.610001,26800
2014-01-06,79.750000,79.750000,77.949997,78.820000,78.820000,39400
2014-01-07,78.809998,79.290001,78.099998,78.669998,78.669998,35700
2014-01-08,78.790001,78.889999,77.470001,78.029999,78.029999,51100
2014-01-09,78.300003,78.500000,76.339996,76.629997,76.629997,44100
2014-01-10,76.379997,76.589996,75.900002,76.349998,76.349998,34600
2014-01-13,75.839996,76.370003,74.639999,75.220001,75.220001,49100
2014-01-14,75.769997,76.199997,75.059998,75.809998,75.809998,27100
2014-01-15,74.849998,76.080002,74.730003,74.839996,74.839996,50000
2014-01-16,74.620003,75.290001,74.120003,74.790001,74.790001,38500
2014-01-17,74.870003,75.879997,74.349998,75.120003,75.120003,34400
2014-01-21,75.400002,76.160004,74.589996,75.849998,75.849998,62900
2014-01-22,74.879997,82.129997,74.879997,78.040001,78.040001,304600
2014-01-23,77.180000,78.449997,75.709999,76.150002,76.150002,118200
2014-01-24,75.589996,77.209999,74.370003,74.559998,74.559998,94000
2014-01-27,74.440002,74.930000,71.860001,73.480003,73.480003,94900
2014-01-28,72.620003,74.220001,72.620003,73.339996,73.339996,46200
2014-01-29,72.370003,74.239998,72.370003,73.449997,73.449997,43900
2014-01-30,73.800003,74.459999,73.800003,74.010002,74.010002,37100
2014-01-31,72.849998,74.949997,72.849998,74.349998,74.349998,56700
2014-02-03,74.290001,74.290001,73.550003,74.029999,74.029999,110200
2014-02-04,74.309998,75.900002,74.309998,75.360001,75.360001,83700
2014-02-05,75.050003,75.910004,73.860001,75.129997,75.129997,72400
2014-02-06,75.580002,77.739998,75.250000,76.389999,76.389999,105200
2014-02-07,76.370003,76.610001,74.949997,76.339996,76.339996,88800
2014-02-10,76.419998,76.440002,75.650002,76.290001,76.290001,41500
2014-02-11,76.000000,77.000000,75.430000,76.330002,76.330002,54100
2014-02-12,75.919998,79.529999,75.660004,78.769997,78.769997,165300
2014-02-13,77.769997,78.000000,76.120003,76.550003,76.550003,134800
2014-02-14,76.669998,77.330002,75.730003,77.040001,77.040001,68600
2014-02-18,77.230003,79.879997,77.019997,78.190002,78.190002,75500
2014-02-19,77.709999,78.120003,76.610001,76.849998,76.849998,32500
2014-02-20,77.099998,78.250000,77.099998,77.919998,77.919998,71200
2014-02-21,78.389999,78.540001,77.599998,77.879997,77.879997,55800
2014-02-24,77.660004,78.449997,77.419998,77.980003,77.980003,52200
2014-02-25,78.220001,78.389999,77.389999,77.959999,77.959999,16000
2014-02-26,78.239998,78.500000,77.620003,78.339996,78.339996,18700
2014-02-27,78.000000,80.010002,78.000000,79.760002,79.760002,44400
2014-02-28,80.209999,80.209999,78.529999,79.019997,79.019997,54700
2014-03-03,78.919998,80.309998,77.000000,80.300003,80.300003,256300
2014-03-04,80.599998,80.750000,79.440002,79.940002,79.940002,211200
2014-03-05,79.400002,80.150002,79.269997,79.730003,79.730003,192300
2014-03-06,79.550003,80.190002,79.500000,79.739998,79.739998,88700
2014-03-07,80.110001,80.110001,79.500000,79.650002,79.650002,62500
2014-03-10,79.500000,79.500000,77.919998,78.639999,78.639999,75500
2014-03-11,78.510002,78.510002,76.010002,76.449997,76.449997,92800
2014-03-12,76.139999,76.650002,75.610001,76.570000,76.570000,98700
2014-03-13,76.620003,77.180000,75.029999,75.099998,75.099998,54600
2014-03-14,74.910004,75.629997,74.910004,75.629997,75.629997,55500
2014-03-17,75.949997,75.970001,74.860001,75.089996,75.089996,51900
2014-03-18,74.959999,75.000000,74.279999,74.519997,74.519997,40500
2014-03-19,74.669998,74.669998,73.180000,74.110001,74.110001,109400
2014-03-20,73.910004,74.760002,73.500000,73.879997,73.879997,117500
2014-03-21,73.750000,74.919998,73.019997,74.250000,74.250000,263700
2014-03-24,74.080002,74.080002,72.250000,73.279999,73.279999,65200
2014-03-25,73.449997,73.779999,69.290001,70.290001,70.290001,328500
2014-03-26,70.820000,71.330002,69.970001,70.370003,70.370003,104200
2014-03-27,70.279999,71.110001,70.019997,70.370003,70.370003,115100
2014-03-28,70.769997,71.949997,70.430000,70.739998,70.739998,46900
2014-03-31,70.989998,71.730003,70.040001,70.730003,70.730003,70500
2014-04-01,70.930000,71.709999,70.620003,71.250000,71.250000,118000
2014-04-02,71.500000,72.260002,71.300003,71.879997,71.879997,70300
2014-04-03,71.760002,72.190002,70.040001,70.320000,70.320000,50400
2014-04-04,70.949997,70.949997,69.300003,69.449997,69.449997,76500
2014-04-07,69.010002,69.980003,67.000000,67.190002,67.190002,104300
2014-04-08,67.180000,68.449997,67.059998,68.029999,68.029999,67200
2014-04-09,68.199997,70.230003,68.099998,70.080002,70.080002,71800
2014-04-10,75.000000,75.330002,72.559998,73.440002,73.440002,327500
2014-04-11,72.919998,73.500000,72.589996,73.160004,73.160004,106600
2014-04-14,73.650002,74.000000,72.459999,72.989998,72.989998,147000
2014-04-15,73.250000,73.910004,71.860001,72.639999,72.639999,121200
2014-04-16,73.059998,73.519997,71.820000,72.150002,72.150002,67100
2014-04-17,71.790001,71.970001,70.400002,70.790001,70.790001,185700
2014-04-21,71.129997,72.059998,71.110001,71.760002,71.760002,128000
2014-04-22,72.150002,72.589996,71.169998,71.510002,71.510002,78900
2014-04-23,70.879997,71.750000,70.879997,71.190002,71.190002,31000
2014-04-24,71.660004,71.660004,69.419998,69.669998,69.669998,327100
2014-04-25,69.129997,73.570000,69.129997,71.989998,71.989998,305900
2014-04-28,72.459999,72.480003,70.500000,71.820000,71.820000,64900
2014-04-29,72.239998,72.589996,71.019997,71.120003,71.120003,109900
2014-04-30,70.839996,72.389999,70.839996,71.989998,71.989998,96100
2014-05-01,72.010002,74.050003,72.010002,72.519997,72.519997,172200
2014-05-02,72.849998,74.089996,72.480003,73.080002,73.080002,80700
2014-05-05,72.480003,73.510002,72.010002,73.120003,73.120003,91300
2014-05-06,72.680000,73.089996,72.540001,72.680000,72.680000,102500
2014-05-07,72.910004,73.110001,71.540001,72.459999,72.459999,123800
2014-05-08,72.459999,72.690002,71.449997,71.620003,71.620003,101800
2014-05-09,70.339996,72.720001,70.339996,72.040001,72.040001,71600
2014-05-12,72.440002,73.769997,72.440002,73.349998,73.349998,53200
2014-05-13,73.160004,73.160004,71.889999,72.089996,72.089996,126300
2014-05-14,71.820000,72.620003,70.930000,71.470001,71.470001,86600
2014-05-15,71.010002,71.959999,70.430000,71.449997,71.449997,66600
2014-05-16,71.449997,71.800003,70.790001,71.800003,71.800003,53300
2014-05-19,71.830002,72.300003,70.889999,71.000000,71.000000,59400
2014-05-20,70.750000,70.750000,69.510002,70.000000,70.000000,76300
2014-05-21,70.300003,70.900002,69.290001,70.800003,70.800003,106800
2014-05-22,71.139999,72.019997,70.500000,71.449997,71.449997,53100
2014-05-23,71.620003,71.809998,70.010002,70.940002,70.940002,153100
2014-05-27,71.510002,73.010002,70.730003,72.599998,72.599998,156600
2014-05-28,72.730003,73.489998,72.010002,73.050003,73.050003,42700
2014-05-29,73.400002,73.559998,72.339996,73.559998,73.559998,55300
2014-05-30,73.720001,74.309998,72.169998,72.339996,72.339996,46400
2014-06-02,72.339996,73.000000,71.209999,72.230003,72.230003,37000
2014-06-03,71.879997,72.309998,70.410004,71.910004,71.910004,90900
2014-06-04,72.400002,75.000000,72.400002,74.370003,74.370003,103400
2014-06-05,74.400002,75.309998,73.930000,74.849998,74.849998,109300
2014-06-06,74.980003,75.800003,73.379997,73.800003,73.800003,182500
2014-06-09,73.889999,74.940002,73.139999,74.639999,74.639999,58000
2014-06-10,74.339996,74.639999,73.500000,74.059998,74.059998,30600
2014-06-11,73.660004,74.669998,73.510002,74.339996,74.339996,50500
2014-06-12,74.099998,74.660004,73.449997,73.820000,73.820000,25200
2014-06-13,74.070000,74.070000,73.209999,73.739998,73.739998,36900
2014-06-16,73.639999,74.160004,73.639999,74.029999,74.029999,45300
2014-06-17,74.250000,74.449997,72.599998,74.050003,74.050003,50300
2014-06-18,74.110001,74.169998,73.669998,73.940002,73.940002,58100
2014-06-19,74.000000,74.010002,73.349998,73.470001,73.470001,84300
2014-06-20,73.449997,73.970001,73.139999,73.250000,73.250000,172600
2014-06-23,73.250000,73.760002,72.989998,73.169998,73.169998,49200
2014-06-24,69.949997,72.500000,69.540001,71.790001,71.790001,541200
2014-06-25,71.550003,72.050003,71.019997,71.589996,71.589996,72900
2014-06-26,70.580002,71.410004,70.580002,71.160004,71.160004,41200
2014-06-27,70.720001,72.279999,70.720001,72.029999,72.029999,85200
2014-06-30,72.000000,73.419998,71.989998,72.690002,72.690002,94200
2014-07-01,72.860001,74.190002,72.010002,73.750000,73.750000,64500
2014-07-02,73.550003,78.769997,73.550003,74.709999,74.709999,494700
2014-07-03,74.620003,74.820000,74.190002,74.650002,74.650002,36400
2014-07-07,74.540001,74.540001,73.110001,73.750000,73.750000,59400
2014-07-08,73.820000,73.820000,72.400002,72.559998,72.559998,73700
2014-07-09,72.860001,73.190002,72.239998,73.139999,73.139999,20600
2014-07-10,72.029999,72.690002,71.519997,72.269997,72.269997,47800
2014-07-11,72.349998,72.839996,71.959999,72.519997,72.519997,45700
2014-07-14,73.230003,73.800003,72.610001,72.709999,72.709999,30400
2014-07-15,72.879997,74.040001,72.089996,72.370003,72.370003,50900
2014-07-16,72.839996,73.000000,72.440002,72.669998,72.669998,55800
2014-07-17,72.250000,72.750000,72.250000,72.500000,72.500000,49600
2014-07-18,72.290001,72.930000,71.800003,72.830002,72.830002,62100
2014-07-21,72.610001,72.610001,72.110001,72.419998,72.419998,67900
2014-07-22,72.820000,73.279999,72.470001,73.230003,73.230003,23800
2014-07-23,73.809998,73.919998,73.150002,73.449997,73.449997,38800
2014-07-24,73.440002,73.629997,73.059998,73.260002,73.260002,38200
2014-07-25,72.919998,73.370003,72.709999,72.730003,72.730003,38700
2014-07-28,72.830002,72.830002,71.800003,71.949997,71.949997,30200
2014-07-29,72.230003,72.580002,71.800003,72.000000,72.000000,46700
2014-07-30,72.449997,72.449997,71.849998,72.309998,72.309998,26300
2014-07-31,71.709999,72.849998,71.709999,72.300003,72.300003,80600
2014-08-01,72.589996,72.720001,71.250000,72.250000,72.250000,54500
2014-08-04,72.599998,73.379997,72.260002,73.260002,73.260002,82600
2014-08-05,72.790001,73.660004,72.790001,73.400002,73.400002,46400
2014-08-06,73.370003,73.980003,73.180000,73.650002,73.650002,57600
2014-08-07,73.529999,74.120003,72.800003,74.010002,74.010002,64700
2014-08-08,73.800003,75.699997,73.529999,73.800003,73.800003,54200
2014-08-11,74.300003,74.919998,73.000000,73.720001,73.720001,116300
2014-08-12,73.610001,73.830002,72.879997,73.489998,73.489998,41400
2014-08-13,73.489998,73.919998,73.010002,73.360001,73.360001,41200
2014-08-14,73.110001,74.040001,72.849998,72.900002,72.900002,81700
2014-08-15,73.430000,73.440002,72.250000,72.629997,72.629997,110900
2014-08-18,73.080002,73.309998,72.739998,72.769997,72.769997,62600
2014-08-19,72.760002,73.540001,72.750000,73.540001,73.540001,88400
2014-08-20,73.360001,74.919998,73.300003,74.769997,74.769997,45400
2014-08-21,74.730003,75.730003,74.540001,75.589996,75.589996,50100
2014-08-22,75.760002,75.839996,75.059998,75.279999,75.279999,24200
2014-08-25,75.500000,75.820000,74.760002,75.000000,75.000000,64000
2014-08-26,74.790001,75.339996,74.459999,75.339996,75.339996,35200
2014-08-27,75.870003,75.870003,74.440002,74.760002,74.760002,20700
2014-08-28,74.050003,74.739998,74.050003,74.580002,74.580002,21900
2014-08-29,74.580002,75.480003,74.209999,74.919998,74.919998,36200
2014-09-02,75.300003,75.739998,74.459999,75.699997,75.699997,26600
2014-09-03,75.790001,75.790001,74.610001,74.639999,74.639999,42500
2014-09-04,75.000000,75.519997,74.000000,74.510002,74.510002,41100
2014-09-05,74.550003,74.980003,74.339996,74.980003,74.980003,74500
2014-09-08,75.879997,76.199997,75.519997,75.529999,75.529999,116500
2014-09-09,75.470001,75.500000,74.550003,74.959999,74.959999,81100
2014-09-10,75.000000,75.169998,74.709999,74.919998,74.919998,26000
2014-09-11,74.989998,75.070000,74.500000,74.989998,74.989998,35800
2014-09-12,75.180000,75.620003,74.129997,74.570000,74.570000,34500
2014-09-15,74.339996,74.750000,74.070000,74.529999,74.529999,29100
2014-09-16,74.550003,74.680000,74.010002,74.209999,74.209999,22600
2014-09-17,74.010002,74.519997,74.000000,74.019997,74.019997,30900
2014-09-18,73.519997,74.339996,73.519997,74.139999,74.139999,13600
2014-09-19,74.029999,74.610001,73.599998,73.629997,73.629997,73700
2014-09-22,73.500000,74.129997,73.010002,73.500000,73.500000,46500
2014-09-23,73.470001,73.989998,72.669998,73.199997,73.199997,60200
2014-09-24,73.019997,73.139999,72.949997,73.080002,73.080002,29200
2014-09-25,73.480003,73.480003,72.040001,72.040001,72.040001,44200
2014-09-26,72.059998,72.639999,71.800003,72.620003,72.620003,53700
2014-09-29,71.919998,72.709999,71.800003,72.129997,72.129997,29900
2014-09-30,71.980003,72.360001,71.800003,71.809998,71.809998,94700
2014-10-01,71.800003,72.220001,71.129997,71.349998,71.349998,60200
2014-10-02,71.849998,71.949997,70.699997,71.349998,71.349998,46800
2014-10-03,71.959999,72.320000,71.480003,71.639999,71.639999,23200
2014-10-06,71.580002,72.029999,71.070000,71.080002,71.080002,19300
2014-10-07,70.730003,70.900002,70.559998,70.559998,70.559998,25400
2014-10-08,70.400002,72.370003,70.190002,71.970001,71.970001,73400
2014-10-09,72.050003,72.190002,69.580002,69.580002,69.580002,45200
2014-10-10,69.019997,70.260002,66.110001,67.629997,67.629997,89200
2014-10-13,66.830002,68.029999,66.080002,66.980003,66.980003,86200
2014-10-14,67.430000,68.059998,65.980003,66.389999,66.389999,239900
2014-10-15,65.709999,66.680000,64.230003,66.389999,66.389999,104500
2014-10-16,65.790001,67.519997,65.040001,67.150002,67.150002,75300
2014-10-17,68.050003,69.059998,67.660004,68.639999,68.639999,81700
2014-10-20,68.480003,68.660004,67.800003,68.309998,68.309998,48100
2014-10-21,68.669998,69.769997,68.669998,69.370003,69.370003,26400
2014-10-22,69.010002,69.510002,68.279999,68.309998,68.309998,22200
2014-10-23,69.309998,70.639999,68.970001,70.099998,70.099998,47100
2014-10-24,70.300003,71.190002,70.239998,70.989998,70.989998,22500
2014-10-27,70.389999,70.809998,70.199997,70.349998,70.349998,30300
2014-10-28,70.949997,77.129997,70.809998,74.230003,74.230003,274900
2014-10-29,74.449997,74.500000,73.309998,74.489998,74.489998,75300
2014-10-30,74.349998,76.199997,74.099998,75.949997,75.949997,63900
2014-10-31,77.430000,77.430000,75.570000,76.500000,76.500000,86900
2014-11-03,76.000000,77.250000,76.000000,76.660004,76.660004,32900
2014-11-04,76.309998,76.989998,75.690002,76.790001,76.790001,29300
2014-11-05,77.379997,78.239998,76.470001,77.279999,77.279999,78300
2014-11-06,77.750000,78.269997,76.930000,78.139999,78.139999,35000
2014-11-07,79.470001,79.470001,77.339996,77.949997,77.949997,36300
2014-11-10,77.699997,77.699997,76.550003,77.080002,77.080002,31700
2014-11-11,77.699997,77.699997,76.150002,76.199997,76.199997,33100
2014-11-12,76.500000,76.739998,75.660004,76.400002,76.400002,30000
2014-11-13,76.889999,76.889999,75.250000,75.709999,75.709999,33000
2014-11-14,75.529999,76.110001,75.309998,75.459999,75.459999,29100
2014-11-17,75.279999,75.389999,74.519997,74.889999,74.889999,27300
2014-11-18,75.139999,76.050003,74.080002,74.260002,74.260002,47600
2014-11-19,73.839996,74.199997,73.330002,73.410004,73.410004,60800
2014-11-20,73.019997,74.540001,73.019997,74.379997,74.379997,23500
2014-11-21,75.180000,75.199997,73.129997,73.209999,73.209999,51100
2014-11-24,73.480003,80.949997,73.139999,78.500000,78.500000,373100
2014-11-25,78.860001,78.989998,77.750000,78.309998,78.309998,230300
2014-11-26,78.099998,80.000000,78.099998,79.540001,79.540001,142200
2014-11-28,79.449997,79.589996,78.349998,78.489998,78.489998,36700
2014-12-01,78.459999,79.669998,78.099998,78.639999,78.639999,163700
2014-12-02,79.099998,79.660004,79.040001,79.180000,79.180000,96000
2014-12-03,79.349998,79.989998,78.849998,79.750000,79.750000,67500
2014-12-04,79.750000,79.900002,79.120003,79.510002,79.510002,40800
2014-12-05,79.400002,80.000000,79.400002,79.680000,79.680000,105100
2014-12-08,79.320000,80.570000,79.099998,79.389999,79.389999,56400
2014-12-09,78.730003,81.529999,78.309998,81.169998,81.169998,77900
2014-12-10,80.900002,81.500000,80.019997,80.449997,80.449997,48400
2014-12-11,79.959999,81.239998,79.959999,80.400002,80.400002,34200
2014-12-12,79.660004,80.110001,78.629997,79.599998,79.599998,64800
2014-12-15,79.309998,80.029999,78.720001,79.320000,79.320000,70200
2014-12-16,79.279999,80.430000,78.580002,78.639999,78.639999,47200
2014-12-17,79.279999,80.239998,78.449997,79.760002,79.760002,62600
2014-12-18,80.099998,80.769997,79.750000,80.050003,80.050003,41600
2014-12-19,79.870003,80.029999,79.500000,79.879997,79.879997,65000
2014-12-22,79.989998,80.480003,78.790001,79.019997,79.019997,92700
2014-12-23,77.900002,79.610001,76.190002,78.639999,78.639999,105800
2014-12-24,78.940002,79.300003,78.239998,79.000000,79.000000,25200
2014-12-26,79.239998,79.750000,78.500000,79.019997,79.019997,17500
2014-12-29,79.220001,80.120003,79.010002,79.949997,79.949997,40900
2014-12-30,80.010002,80.169998,79.269997,79.389999,79.389999,15000
2014-12-31,79.889999,79.889999,78.650002,78.709999,78.709999,68000
2015-01-02,79.129997,79.129997,77.199997,78.099998,78.099998,55500
2015-01-05,77.660004,78.180000,76.849998,77.510002,77.510002,34500
2015-01-06,77.510002,77.510002,75.879997,76.669998,76.669998,57500
2015-01-07,76.930000,77.199997,76.000000,77.199997,77.199997,214300
2015-01-08,77.800003,78.339996,77.589996,78.220001,78.220001,35300
2015-01-09,78.059998,78.849998,78.059998,78.349998,78.349998,23600
2015-01-12,74.930000,75.639999,72.419998,75.440002,75.440002,238500
2015-01-13,76.220001,76.930000,74.169998,74.500000,74.500000,188100
2015-01-14,74.250000,76.250000,73.620003,75.889999,75.889999,65200
2015-01-15,76.000000,76.070000,74.010002,74.169998,74.169998,36200
2015-01-16,74.010002,75.769997,73.959999,75.750000,75.750000,67100
2015-01-20,75.699997,75.699997,73.000000,73.250000,73.250000,83000
2015-01-21,72.889999,73.250000,72.089996,72.650002,72.650002,42000
2015-01-22,72.779999,74.010002,72.669998,73.860001,73.860001,45000
2015-01-23,73.910004,75.059998,73.610001,74.529999,74.529999,43600
2015-01-26,73.769997,75.120003,73.769997,74.220001,74.220001,30600
2015-01-27,73.610001,74.309998,73.199997,73.400002,73.400002,20600
2015-01-28,73.790001,74.209999,72.019997,72.360001,72.360001,43100
2015-01-29,72.070000,73.000000,71.940002,73.000000,73.000000,24300
2015-01-30,72.540001,72.639999,71.559998,71.910004,71.910004,68700
2015-02-02,71.330002,71.750000,70.739998,71.690002,71.690002,38600
2015-02-03,71.599998,72.889999,71.599998,72.639999,72.639999,56400
2015-02-04,72.160004,73.110001,71.040001,71.760002,71.760002,73300
2015-02-05,72.080002,73.489998,72.000000,73.139999,73.139999,99700
2015-02-06,73.309998,73.820000,72.489998,72.989998,72.989998,38000
2015-02-09,72.500000,73.550003,71.809998,72.480003,72.480003,25400
2015-02-10,72.529999,72.610001,71.500000,72.139999,72.139999,28700
2015-02-11,72.129997,72.250000,71.750000,71.910004,71.910004,22400
2015-02-12,72.199997,72.230003,71.260002,71.790001,71.790001,34500
2015-02-13,71.750000,72.309998,71.250000,71.940002,71.940002,48000
2015-02-17,72.089996,72.300003,71.419998,72.190002,72.190002,26800
2015-02-18,72.239998,72.730003,72.029999,72.339996,72.339996,30900
2015-02-19,72.379997,72.989998,71.870003,72.370003,72.370003,15700
2015-02-20,72.580002,72.839996,72.180000,72.669998,72.669998,36400
2015-02-23,72.870003,73.900002,72.500000,72.620003,72.620003,25800
2015-02-24,72.129997,72.580002,71.019997,71.410004,71.410004,38500
2015-02-25,72.019997,72.180000,71.519997,71.750000,71.750000,28400
2015-02-26,71.550003,71.750000,71.029999,71.370003,71.370003,34000
2015-02-27,71.279999,71.379997,70.860001,71.129997,71.129997,35100
2015-03-02,71.269997,71.540001,70.970001,71.239998,71.239998,33200
2015-03-03,71.959999,71.989998,71.010002,71.349998,71.349998,74800
2015-03-04,71.360001,71.720001,71.190002,71.419998,71.419998,49500
2015-03-05,71.349998,72.089996,71.300003,71.709999,71.709999,33000
2015-03-06,71.250000,71.830002,70.900002,71.680000,71.680000,54500
2015-03-09,72.489998,73.000000,71.889999,72.650002,72.650002,46100
2015-03-10,72.230003,72.230003,71.000000,71.110001,71.110001,35300
2015-03-11,71.459999,71.459999,71.000000,71.169998,71.169998,30000
2015-03-12,71.720001,72.360001,71.129997,72.290001,72.290001,39900
2015-03-13,71.800003,71.800003,67.750000,69.400002,69.400002,161200
2015-03-16,69.500000,69.919998,68.980003,69.300003,69.300003,49300
2015-03-17,69.300003,69.489998,68.930000,69.000000,69.000000,53700
2015-03-18,68.820000,69.269997,68.459999,69.019997,69.019997,65900
2015-03-19,69.040001,69.040001,68.160004,68.419998,68.419998,34500
2015-03-20,68.779999,68.779999,67.110001,67.110001,67.110001,123100
2015-03-23,67.050003,69.349998,67.050003,68.839996,68.839996,51700
2015-03-24,69.070000,69.070000,68.129997,68.400002,68.400002,24100
2015-03-25,68.260002,68.449997,65.889999,66.089996,66.089996,25500
2015-03-26,65.699997,68.529999,65.699997,68.410004,68.410004,113400
2015-03-27,68.239998,68.820000,68.239998,68.430000,68.430000,93700
2015-03-30,68.879997,69.680000,68.620003,68.949997,68.949997,83200
2015-03-31,68.610001,68.610001,67.730003,68.440002,68.440002,75500
2015-04-01,68.080002,68.699997,67.589996,68.349998,68.349998,33100
2015-04-02,68.400002,69.000000,67.980003,68.470001,68.470001,26800
2015-04-06,68.220001,68.989998,67.879997,68.489998,68.489998,59900
2015-04-07,68.540001,68.540001,67.830002,67.930000,67.930000,36700
2015-04-08,68.089996,68.820000,68.000000,68.720001,68.720001,80500
2015-04-09,68.480003,68.949997,68.269997,68.940002,68.940002,50500
2015-04-10,69.339996,69.849998,68.739998,69.599998,69.599998,81300
2015-04-13,69.620003,70.199997,69.269997,69.870003,69.870003,43000
2015-04-14,69.580002,69.949997,68.879997,69.879997,69.879997,35000
2015-04-15,70.300003,70.300003,69.449997,69.779999,69.779999,30600
2015-04-16,69.379997,70.279999,69.379997,70.019997,70.019997,22200
2015-04-17,69.419998,69.589996,68.660004,69.139999,69.139999,56500
2015-04-20,69.180000,69.830002,69.180000,69.709999,69.709999,17600
2015-04-21,69.699997,70.000000,69.699997,69.720001,69.720001,43500
2015-04-22,69.620003,70.059998,69.199997,69.709999,69.709999,20900
2015-04-23,69.370003,70.349998,69.300003,69.639999,69.639999,28500
2015-04-24,69.230003,69.769997,69.220001,69.449997,69.449997,53100
2015-04-27,69.209999,70.150002,69.050003,69.529999,69.529999,28000
2015-04-28,69.330002,69.660004,69.029999,69.389999,69.389999,58700
2015-04-29,69.430000,69.559998,69.349998,69.500000,69.500000,16600
2015-04-30,69.089996,69.709999,68.629997,69.000000,69.000000,57400
2015-05-01,69.080002,69.220001,68.699997,69.050003,69.050003,59500
2015-05-04,69.180000,69.860001,69.180000,69.519997,69.519997,43800
2015-05-05,69.160004,69.239998,68.330002,68.720001,68.720001,61600
2015-05-06,68.820000,68.820000,67.410004,68.080002,68.080002,51800
2015-05-07,67.830002,67.930000,67.080002,67.220001,67.220001,38500
2015-05-08,67.599998,67.599998,66.150002,66.370003,66.370003,43500
2015-05-11,66.389999,66.389999,64.680000,65.680000,65.680000,51700
2015-05-12,65.669998,65.669998,64.800003,65.320000,65.320000,54700
2015-05-13,65.320000,65.930000,65.040001,65.550003,65.550003,42000
2015-05-14,65.680000,66.910004,65.680000,66.769997,66.769997,44000
2015-05-15,66.849998,67.220001,66.610001,67.029999,67.029999,41800
2015-05-18,67.529999,67.750000,66.820000,67.730003,67.730003,42100
2015-05-19,68.019997,68.540001,67.269997,68.349998,68.349998,50100
2015-05-20,68.430000,68.480003,66.900002,67.180000,67.180000,27200
2015-05-21,67.660004,67.779999,67.099998,67.440002,67.440002,25700
2015-05-22,67.519997,67.760002,66.980003,67.250000,67.250000,21900
2015-05-26,66.910004,66.910004,66.099998,66.650002,66.650002,33400
2015-05-27,67.029999,67.029999,66.019997,66.650002,66.650002,15000
2015-05-28,66.269997,67.250000,65.779999,66.629997,66.629997,21900
2015-05-29,66.449997,66.930000,66.080002,66.790001,66.790001,49400
2015-06-01,67.169998,67.260002,66.180000,66.529999,66.529999,30000
2015-06-02,66.250000,67.660004,66.250000,67.019997,67.019997,31500
2015-06-03,66.940002,68.629997,66.510002,67.150002,67.150002,64300
2015-06-04,66.760002,68.910004,66.160004,66.510002,66.510002,26300
2015-06-05,66.680000,67.190002,66.050003,66.900002,66.900002,24900
2015-06-08,66.570000,67.260002,66.000000,66.309998,66.309998,24300
2015-06-09,66.129997,66.559998,65.900002,66.199997,66.199997,29100
2015-06-10,66.160004,67.489998,66.050003,67.239998,67.239998,46600
2015-06-11,68.070000,68.820000,67.309998,67.669998,67.669998,43700
2015-06-12,67.690002,67.930000,66.959999,67.239998,67.239998,34400
2015-06-15,67.279999,67.279999,66.000000,66.500000,66.500000,50000
2015-06-16,66.129997,67.040001,66.120003,66.449997,66.449997,60500
2015-06-17,66.820000,66.820000,65.519997,65.650002,65.650002,75400
2015-06-18,65.720001,66.389999,65.589996,66.180000,66.180000,44400
2015-06-19,66.400002,66.540001,65.570000,65.820000,65.820000,66100
2015-06-22,66.269997,66.680000,65.430000,65.980003,65.980003,36100
2015-06-23,65.830002,65.849998,65.279999,65.360001,65.360001,32600
2015-06-24,65.360001,65.550003,64.949997,65.099998,65.099998,91700
2015-06-25,65.220001,65.500000,65.000000,65.220001,65.220001,58400
2015-06-26,65.529999,65.690002,64.900002,64.930000,64.930000,138400
2015-06-29,64.580002,64.580002,62.700001,63.060001,63.060001,111700
2015-06-30,63.389999,63.799999,62.529999,63.119999,63.119999,51200
2015-07-01,63.700001,64.040001,63.360001,63.880001,63.880001,108300
2015-07-02,64.160004,65.760002,63.570000,65.540001,65.540001,80000
2015-07-06,64.720001,65.290001,64.559998,65.070000,65.070000,84700
2015-07-07,65.080002,65.739998,64.339996,65.389999,65.389999,63100
2015-07-08,65.050003,65.150002,64.239998,64.620003,64.620003,55700
2015-07-09,65.199997,65.360001,64.709999,65.050003,65.050003,71100
2015-07-10,65.500000,66.269997,65.309998,66.099998,66.099998,50200
2015-07-13,66.370003,67.260002,66.309998,67.239998,67.239998,29900
2015-07-14,67.099998,67.690002,66.930000,67.269997,67.269997,33800
2015-07-15,67.059998,67.330002,66.800003,67.169998,67.169998,39100
2015-07-16,67.620003,67.800003,67.440002,67.570000,67.570000,23700
2015-07-17,67.480003,67.489998,66.349998,66.860001,66.860001,34800
2015-07-20,66.760002,66.760002,65.720001,66.260002,66.260002,49200
2015-07-21,66.260002,66.660004,65.010002,65.790001,65.790001,29900
2015-07-22,66.019997,66.339996,65.660004,66.000000,66.000000,29300
2015-07-23,66.250000,66.449997,64.540001,64.709999,64.709999,31700
2015-07-24,64.610001,65.250000,63.939999,64.320000,64.320000,40400
2015-07-27,64.000000,64.519997,63.549999,63.740002,63.740002,113500
2015-07-28,63.599998,64.389999,63.130001,64.040001,64.040001,28600
2015-07-29,63.950001,65.050003,63.910000,64.339996,64.339996,78900
2015-07-30,64.129997,64.580002,63.410000,63.750000,63.750000,41200
2015-07-31,63.250000,64.250000,63.130001,63.349998,63.349998,33000
2015-08-03,63.439999,63.630001,62.779999,63.130001,63.130001,44000
2015-08-04,63.189999,64.150002,63.189999,63.790001,63.790001,25200
2015-08-05,63.799999,64.050003,62.360001,62.840000,62.840000,66600
2015-08-06,63.240002,63.500000,60.750000,61.799999,61.799999,61300
2015-08-07,61.490002,61.930000,60.750000,61.230000,61.230000,53700
2015-08-10,61.150002,62.849998,61.150002,62.349998,62.349998,65700
2015-08-11,61.880001,62.630001,61.389999,61.599998,61.599998,68400
2015-08-12,61.439999,61.950001,60.959999,61.509998,61.509998,58200
2015-08-13,61.400002,62.040001,61.060001,61.220001,61.220001,39800
2015-08-14,61.110001,61.580002,60.849998,61.480000,61.480000,34800
2015-08-17,61.150002,61.919998,60.900002,61.779999,61.779999,34800
2015-08-18,61.700001,62.119999,61.490002,62.020000,62.020000,28600
2015-08-19,61.709999,61.709999,60.840000,61.250000,61.250000,31400
2015-08-20,60.779999,60.820000,58.400002,58.400002,58.400002,43500
2015-08-21,57.380001,58.130001,56.009998,56.189999,56.189999,90100
2015-08-24,53.820000,55.459999,51.470001,53.330002,53.330002,113800
2015-08-25,54.900002,54.900002,52.880001,53.250000,53.250000,116500
2015-08-26,54.310001,54.389999,52.400002,53.889999,53.889999,58900
2015-08-27,54.400002,55.150002,53.759998,54.700001,54.700001,65000
2015-08-28,54.330002,55.549999,54.330002,55.360001,55.360001,42700
2015-08-31,55.110001,55.270000,53.900002,54.209999,54.209999,45500
2015-09-01,53.419998,53.840000,52.389999,53.180000,53.180000,90500
2015-09-02,54.020000,54.020000,52.689999,53.660000,53.660000,55000
2015-09-03,53.580002,54.360001,53.580002,54.119999,54.119999,59700
2015-09-04,53.450001,54.290001,53.330002,53.689999,53.689999,51100
2015-09-08,54.160000,54.639999,54.160000,54.549999,54.549999,31200
2015-09-09,55.099998,55.639999,52.799999,52.950001,52.950001,40100
2015-09-10,52.169998,52.959999,51.930000,52.080002,52.080002,60000
2015-09-11,52.000000,52.910000,52.000000,52.669998,52.669998,29500
2015-09-14,52.610001,52.610001,51.869999,52.070000,52.070000,24900
2015-09-15,52.549999,52.549999,51.900002,52.209999,52.209999,42800
2015-09-16,52.139999,52.939999,52.139999,52.849998,52.849998,20700
2015-09-17,52.900002,54.759998,52.389999,53.580002,53.580002,67800
2015-09-18,52.779999,52.869999,52.000000,52.169998,52.169998,56400
2015-09-21,52.470001,52.970001,52.000000,52.500000,52.500000,88600
2015-09-22,51.910000,52.110001,51.869999,51.910000,51.910000,75400
2015-09-23,51.919998,52.119999,51.689999,51.750000,51.750000,105800
2015-09-24,51.500000,51.599998,51.060001,51.220001,51.220001,105000
2015-09-25,51.709999,51.709999,50.070000,50.250000,50.250000,63000
2015-09-28,49.959999,50.000000,47.709999,48.150002,48.150002,75300
2015-09-29,48.240002,48.240002,46.419998,46.570000,46.570000,75000
2015-09-30,47.119999,47.580002,46.610001,47.080002,47.080002,49800
2015-10-01,46.919998,47.259998,45.849998,45.889999,45.889999,62900
2015-10-02,45.529999,47.330002,44.840000,47.209999,47.209999,70500
2015-10-05,47.740002,48.770000,47.740002,48.709999,48.709999,42500
2015-10-06,48.599998,49.509998,47.880001,47.970001,47.970001,50900
2015-10-07,48.040001,49.490002,47.349998,49.439999,49.439999,54000
2015-10-08,49.290001,51.410000,48.790001,50.840000,50.840000,80300
2015-10-09,50.849998,51.599998,50.150002,51.410000,51.410000,53000
2015-10-12,51.389999,51.770000,50.490002,50.720001,50.720001,63000
2015-10-13,50.349998,50.590000,48.930000,49.110001,49.110001,58100
2015-10-14,49.130001,49.490002,47.869999,47.950001,47.950001,47700
2015-10-15,48.180000,49.009998,47.230000,48.980000,48.980000,51700
2015-10-16,49.180000,49.180000,47.570000,47.959999,47.959999,41900
2015-10-19,48.080002,48.330002,47.009998,47.599998,47.599998,48700
2015-10-20,47.369999,48.049999,47.070000,47.520000,47.520000,62900
2015-10-21,47.830002,47.889999,45.840000,45.950001,45.950001,41800
2015-10-22,46.270000,47.950001,46.009998,46.759998,46.759998,48700
2015-10-23,47.070000,47.380001,45.799999,46.110001,46.110001,60100
2015-10-26,45.849998,46.169998,44.730000,44.830002,44.830002,49700
2015-10-27,44.669998,44.669998,42.330002,43.389999,43.389999,123800
2015-10-28,43.529999,45.419998,43.270000,44.580002,44.580002,62700
2015-10-29,44.400002,44.959999,43.919998,43.930000,43.930000,37800
2015-10-30,44.000000,44.840000,43.430000,44.709999,44.709999,86200
2015-11-02,44.680000,46.090000,44.049999,45.939999,45.939999,161800
2015-11-03,45.750000,46.070000,45.009998,45.840000,45.840000,66400
2015-11-04,45.750000,46.119999,44.740002,45.259998,45.259998,144400
2015-11-05,45.360001,45.730000,44.720001,44.750000,44.750000,28400
2015-11-06,44.580002,44.959999,44.139999,44.549999,44.549999,90400
2015-11-09,44.630001,44.720001,43.599998,44.630001,44.630001,60600
2015-11-10,44.400002,46.849998,44.380001,45.549999,45.549999,71600
2015-11-11,45.599998,47.000000,44.360001,45.049999,45.049999,56700
2015-11-12,44.549999,45.220001,44.049999,44.470001,44.470001,43900
2015-11-13,44.110001,44.959999,43.340000,43.849998,43.849998,57500
2015-11-16,43.849998,44.480000,43.419998,44.279999,44.279999,34200
2015-11-17,44.340000,44.549999,43.049999,43.139999,43.139999,28900
2015-11-18,43.000000,43.869999,42.959999,43.779999,43.779999,37900
2015-11-19,43.740002,44.139999,43.439999,43.490002,43.490002,21000
2015-11-20,43.779999,44.119999,43.520000,43.759998,43.759998,24000
2015-11-23,43.730000,44.070000,43.220001,43.290001,43.290001,21400
2015-11-24,43.000000,43.730000,42.959999,43.610001,43.610001,26400
2015-11-25,43.639999,44.090000,43.369999,43.959999,43.959999,51200
2015-11-27,43.840000,45.200001,43.840000,45.180000,45.180000,31200
2015-11-30,45.209999,45.330002,44.150002,44.240002,44.240002,47200
2015-12-01,44.310001,44.310001,43.540001,43.599998,43.599998,56700
2015-12-02,43.720001,43.830002,42.900002,42.970001,42.970001,32900
2015-12-03,42.970001,43.500000,42.450001,42.669998,42.669998,53700
2015-12-04,42.470001,43.130001,42.470001,42.970001,42.970001,31200
2015-12-07,42.669998,42.669998,41.279999,41.340000,41.340000,65600
2015-12-08,41.160000,41.160000,39.090000,39.209999,39.209999,98100
2015-12-09,39.209999,43.110001,35.099998,39.410000,39.410000,85500
2015-12-10,40.450001,40.450001,39.349998,39.689999,39.689999,30400
2015-12-11,38.889999,39.200001,38.169998,38.650002,38.650002,48100
2015-12-14,38.970001,38.970001,37.779999,38.099998,38.099998,69200
2015-12-15,38.299999,39.330002,37.910000,38.090000,38.090000,53800
2015-12-16,38.230000,39.020000,37.500000,38.470001,38.470001,75100
2015-12-17,38.689999,39.490002,37.990002,38.759998,38.759998,42700
2015-12-18,38.529999,39.080002,38.220001,38.360001,38.360001,151600
2015-12-21,38.459999,38.599998,38.220001,38.520000,38.520000,73300
2015-12-22,38.619999,39.060001,38.299999,38.810001,38.810001,76200
2015-12-23,38.939999,39.660000,38.910000,39.270000,39.270000,27000
2015-12-24,39.200001,39.990002,39.200001,39.770000,39.770000,23400
2015-12-28,39.389999,39.880001,39.369999,39.529999,39.529999,55300
2015-12-29,39.700001,40.820000,39.529999,40.570000,40.570000,83000
2015-12-30,40.630001,40.759998,39.599998,40.169998,40.169998,102600
2015-12-31,40.040001,41.189999,39.360001,40.709999,40.709999,83400
2016-01-04,40.139999,40.570000,39.470001,40.049999,40.049999,99400
2016-01-05,40.049999,40.250000,39.189999,39.220001,39.220001,39000
2016-01-06,38.779999,38.820000,37.549999,37.840000,37.840000,56500
2016-01-07,37.549999,37.919998,36.889999,37.000000,37.000000,114200
2016-01-08,37.000000,37.439999,35.820000,35.990002,35.990002,89700
2016-01-11,36.250000,36.419998,35.299999,35.669998,35.669998,52600
2016-01-12,35.820000,36.540001,35.259998,35.720001,35.720001,66900
2016-01-13,35.669998,36.139999,33.930000,34.250000,34.250000,103200
2016-01-14,34.500000,35.820000,34.220001,35.270000,35.270000,123200
2016-01-15,35.470001,35.470001,34.009998,35.150002,35.150002,80600
2016-01-19,35.459999,35.459999,34.000000,34.549999,34.549999,78900
2016-01-20,33.980000,34.110001,32.549999,33.189999,33.189999,247500
2016-01-21,32.820000,34.119999,32.730000,33.490002,33.490002,57900
2016-01-22,34.029999,34.639999,33.330002,33.700001,33.700001,60800
2016-01-25,35.549999,35.549999,33.220001,33.279999,33.279999,43600
2016-01-26,33.340000,34.230000,33.150002,34.049999,34.049999,52200
2016-01-27,33.740002,34.400002,33.080002,33.150002,33.150002,43300
2016-01-28,33.400002,33.840000,32.919998,33.240002,33.240002,30700
2016-01-29,33.259998,34.720001,32.849998,34.549999,34.549999,55600
2016-02-01,34.380001,34.380001,33.639999,33.779999,33.779999,44500
2016-02-02,33.410000,33.840000,32.759998,33.139999,33.139999,45200
2016-02-03,33.540001,34.139999,32.570000,34.000000,34.000000,50000
2016-02-04,33.930000,34.439999,32.900002,33.090000,33.090000,70300
2016-02-05,32.860001,32.880001,31.920000,32.090000,32.090000,50600
2016-02-08,31.680000,32.119999,31.230000,31.889999,31.889999,56600
2016-02-09,31.480000,31.809999,30.040001,30.620001,30.620001,65100
2016-02-10,30.709999,31.770000,30.490000,30.540001,30.540001,55700
2016-02-11,30.110001,30.540001,29.780001,30.080000,30.080000,51700
2016-02-12,30.320000,30.580000,29.549999,30.450001,30.450001,33700
2016-02-16,30.719999,31.150000,30.719999,30.840000,30.840000,42300
2016-02-17,31.120001,31.770000,31.120001,31.340000,31.340000,56100
2016-02-18,31.290001,31.590000,30.850000,31.299999,31.299999,62300
2016-02-19,31.270000,31.860001,30.520000,31.490000,31.490000,53400
2016-02-22,31.889999,32.910000,31.510000,31.860001,31.860001,66500
2016-02-23,31.629999,32.369999,31.510000,32.150002,32.150002,52500
2016-02-24,31.680000,32.520000,31.180000,32.419998,32.419998,52900
2016-02-25,32.400002,32.599998,31.320000,31.410000,31.410000,39900
2016-02-26,31.299999,31.719999,30.940001,31.389999,31.389999,84700
2016-02-29,31.520000,32.849998,30.930000,32.060001,32.060001,85900
2016-03-01,32.200001,32.830002,30.219999,32.009998,32.009998,369900
2016-03-02,32.169998,32.860001,31.629999,32.700001,32.700001,146000
2016-03-03,32.560001,33.000000,32.480000,32.889999,32.889999,93000
2016-03-04,32.869999,34.590000,32.520000,34.150002,34.150002,331200
2016-03-07,34.500000,36.830002,34.500000,36.820000,36.820000,146900
2016-03-08,36.419998,36.779999,35.090000,35.799999,35.799999,277000
2016-03-09,36.080002,36.549999,34.470001,34.790001,34.790001,66700
2016-03-10,34.840000,35.180000,34.040001,34.470001,34.470001,45900
2016-03-11,34.919998,37.259998,34.860001,37.180000,37.180000,55800
2016-03-14,36.950001,37.040001,35.660000,35.790001,35.790001,49500
2016-03-15,35.889999,35.889999,34.189999,34.349998,34.349998,43100
2016-03-16,34.130001,37.299999,34.130001,35.029999,35.029999,29500
2016-03-17,34.910000,36.590000,34.660000,36.349998,36.349998,55100
2016-03-18,36.580002,37.590000,36.369999,37.189999,37.189999,128300
2016-03-21,37.049999,37.250000,36.180000,36.480000,36.480000,85700
2016-03-22,36.430000,36.439999,35.310001,35.660000,35.660000,89400
2016-03-23,35.480000,35.480000,34.020000,34.299999,34.299999,80200
2016-03-24,34.189999,35.660000,34.000000,35.490002,35.490002,48400
2016-03-28,35.750000,36.029999,34.869999,35.160000,35.160000,67200
2016-03-29,35.110001,36.610001,34.750000,36.470001,36.470001,50800
2016-03-30,36.720001,36.860001,35.400002,35.490002,35.490002,120400
2016-03-31,35.590000,35.900002,35.130001,35.130001,35.130001,62300
2016-04-01,35.200001,36.090000,35.200001,35.970001,35.970001,54300
2016-04-04,35.990002,36.689999,35.779999,35.869999,35.869999,51400
2016-04-05,35.869999,36.529999,35.259998,35.970001,35.970001,121700
2016-04-06,36.080002,36.610001,35.610001,36.040001,36.040001,108000
2016-04-07,35.720001,35.990002,34.310001,34.720001,34.720001,78600
2016-04-08,35.080002,35.400002,33.849998,34.299999,34.299999,69100
2016-04-11,34.490002,35.660000,33.700001,33.959999,33.959999,83500
2016-04-12,33.959999,34.400002,33.700001,34.000000,34.000000,41600
2016-04-13,34.139999,34.560001,32.040001,34.000000,34.000000,140900
2016-04-14,34.130001,34.189999,33.450001,33.560001,33.560001,46400
2016-04-15,33.380001,34.189999,33.189999,34.119999,34.119999,43800
2016-04-18,34.230000,34.360001,34.000000,34.270000,34.270000,30400
2016-04-19,34.459999,35.330002,34.290001,34.650002,34.650002,51100
2016-04-20,34.560001,35.099998,34.470001,34.529999,34.529999,30800
2016-04-21,34.680000,35.160000,34.230000,35.110001,35.110001,48400
2016-04-22,35.049999,37.830002,35.049999,37.090000,37.090000,86200
2016-04-25,36.639999,36.959999,36.380001,36.509998,36.509998,59000
2016-04-26,36.520000,37.700001,36.520000,37.369999,37.369999,38800
2016-04-27,37.270000,37.840000,36.560001,37.150002,37.150002,36700
2016-04-28,37.049999,37.750000,37.049999,37.230000,37.230000,74700
2016-04-29,37.230000,37.349998,36.389999,36.680000,36.680000,47000
2016-05-02,36.869999,36.869999,36.400002,36.619999,36.619999,53800
2016-05-03,36.500000,36.740002,35.389999,35.540001,35.540001,120200
2016-05-04,35.450001,35.639999,34.349998,34.799999,34.799999,85700
2016-05-05,34.840000,35.340000,34.290001,34.439999,34.439999,56200
2016-05-06,34.419998,34.790001,34.099998,34.549999,34.549999,43900
2016-05-09,34.509998,35.209999,34.250000,35.070000,35.070000,80100
2016-05-10,35.180000,36.110001,35.000000,35.919998,35.919998,54900
2016-05-11,35.849998,36.160000,35.279999,35.509998,35.509998,69000
2016-05-12,35.400002,35.650002,35.250000,35.500000,35.500000,59200
2016-05-13,35.500000,36.049999,35.119999,35.529999,35.529999,86800
2016-05-16,35.580002,36.419998,35.450001,35.549999,35.549999,102600
2016-05-17,35.669998,35.740002,34.770000,35.020000,35.020000,113300
2016-05-18,35.000000,35.369999,34.610001,35.000000,35.000000,103600
2016-05-19,34.759998,34.990002,34.470001,34.580002,34.580002,81500
2016-05-20,34.650002,35.439999,34.650002,35.000000,35.000000,62800
2016-05-23,35.049999,35.770000,34.669998,35.080002,35.080002,51800
2016-05-24,35.009998,36.630001,35.009998,36.189999,36.189999,52700
2016-05-25,36.169998,36.630001,35.869999,36.310001,36.310001,61200
2016-05-26,36.320000,37.000000,35.910000,36.910000,36.910000,81600
2016-05-27,37.310001,37.650002,37.020000,37.169998,37.169998,42100
2016-05-31,38.000000,38.580002,37.500000,38.369999,38.369999,91000
2016-06-01,38.259998,38.599998,37.490002,38.169998,38.169998,116500
2016-06-02,38.209999,39.580002,38.209999,39.160000,39.160000,129400
2016-06-03,39.169998,41.040001,38.549999,39.320000,39.320000,54900
2016-06-06,39.250000,40.770000,39.200001,40.419998,40.419998,95000
2016-06-07,40.430000,40.500000,39.830002,39.880001,39.880001,40000
2016-06-08,39.939999,40.220001,39.810001,40.040001,40.040001,64100
2016-06-09,39.820000,39.820000,39.259998,39.680000,39.680000,68300
2016-06-10,39.320000,40.029999,38.820000,39.080002,39.080002,36500
2016-06-13,38.939999,39.020000,38.000000,38.070000,38.070000,43300
2016-06-14,38.220001,38.689999,37.669998,38.480000,38.480000,70200
2016-06-15,38.689999,39.400002,38.400002,38.500000,38.500000,73700
2016-06-16,38.349998,38.410000,37.400002,38.110001,38.110001,70600
2016-06-17,38.220001,38.419998,37.320000,37.630001,37.630001,96500
2016-06-20,38.130001,39.099998,38.130001,38.189999,38.189999,52300
2016-06-21,38.279999,38.400002,37.490002,38.180000,38.180000,29000
2016-06-22,38.349998,38.549999,37.610001,37.709999,37.709999,32400
2016-06-23,38.200001,38.450001,38.000000,38.349998,38.349998,48700
2016-06-24,37.000000,37.610001,35.880001,36.040001,36.040001,113100
2016-06-27,35.650002,35.650002,34.150002,34.389999,34.389999,100400
2016-06-28,34.770000,35.130001,34.529999,34.830002,34.830002,69500
2016-06-29,35.279999,35.389999,34.910000,35.230000,35.230000,84900
2016-06-30,36.209999,36.209999,34.700001,35.270000,35.270000,181300
2016-07-01,35.410000,36.340000,34.520000,36.240002,36.240002,120200
2016-07-05,36.240002,36.639999,34.040001,34.380001,34.380001,116100
2016-07-06,34.169998,35.230000,34.160000,34.520000,34.520000,78500
2016-07-07,34.509998,35.049999,34.110001,34.410000,34.410000,48600
2016-07-08,34.369999,34.919998,34.320000,34.650002,34.650002,126300
2016-07-11,34.840000,35.310001,34.750000,35.160000,35.160000,34500
2016-07-12,35.389999,36.200001,35.340000,35.930000,35.930000,49000
2016-07-13,36.320000,36.439999,35.770000,36.230000,36.230000,34700
2016-07-14,36.400002,36.759998,36.230000,36.240002,36.240002,36400
2016-07-15,36.490002,36.540001,35.779999,36.169998,36.169998,32900
2016-07-18,36.240002,36.490002,35.990002,36.160000,36.160000,26200
2016-07-19,36.180000,36.310001,35.880001,35.930000,35.930000,45100
2016-07-20,35.869999,36.220001,35.869999,36.040001,36.040001,37200
2016-07-21,36.189999,36.919998,35.810001,35.939999,35.939999,46100
2016-07-22,36.009998,36.169998,35.959999,36.029999,36.029999,42000
2016-07-25,35.869999,36.060001,35.599998,35.700001,35.700001,28500
2016-07-26,35.709999,35.790001,35.070000,35.400002,35.400002,62500
2016-07-27,35.549999,35.560001,34.750000,35.000000,35.000000,58500
2016-07-28,34.799999,34.990002,34.299999,34.799999,34.799999,34300
2016-07-29,34.639999,35.189999,34.299999,35.130001,35.130001,67600
2016-08-01,35.130001,35.130001,34.070000,34.709999,34.709999,89000
2016-08-02,34.730000,35.560001,33.849998,33.939999,33.939999,70700
2016-08-03,34.020000,35.209999,33.849998,35.130001,35.130001,60500
2016-08-04,35.139999,35.450001,35.049999,35.279999,35.279999,70800
2016-08-05,35.400002,35.549999,34.209999,35.119999,35.119999,55200
2016-08-08,35.400002,36.250000,35.270000,36.189999,36.189999,69500
2016-08-09,36.320000,36.770000,35.400002,35.500000,35.500000,59500
2016-08-10,35.599998,35.599998,35.070000,35.180000,35.180000,54400
2016-08-11,35.299999,35.910000,35.099998,35.849998,35.849998,51800
2016-08-12,35.680000,35.790001,35.130001,35.369999,35.369999,40400
2016-08-15,35.470001,36.189999,35.470001,36.130001,36.130001,28600
2016-08-16,36.340000,36.349998,35.939999,36.040001,36.040001,30900
2016-08-17,36.139999,36.150002,35.250000,35.419998,35.419998,37900
2016-08-18,35.389999,35.700001,35.209999,35.400002,35.400002,26500
2016-08-19,35.389999,35.400002,34.930000,35.130001,35.130001,49600
2016-08-22,38.500000,38.500000,34.610001,35.090000,35.090000,29400
2016-08-23,35.009998,35.820000,34.950001,35.549999,35.549999,34700
2016-08-24,35.430000,36.470001,35.099998,35.450001,35.450001,42200
2016-08-25,35.290001,35.349998,34.970001,35.310001,35.310001,31000
2016-08-26,35.430000,35.840000,35.430000,35.639999,35.639999,43200
2016-08-29,35.810001,35.959999,35.619999,35.779999,35.779999,32200
2016-08-30,35.950001,36.220001,35.900002,36.119999,36.119999,25900
2016-08-31,36.200001,36.630001,36.070000,36.459999,36.459999,58200
2016-09-01,36.610001,36.860001,36.290001,36.700001,36.700001,52800
2016-09-02,36.880001,37.439999,36.880001,37.160000,37.160000,54200
2016-09-06,37.330002,37.330002,36.540001,37.139999,37.139999,35600
2016-09-07,37.139999,38.230000,37.080002,37.980000,37.980000,73500
2016-09-08,38.029999,38.240002,37.130001,37.570000,37.570000,83100
2016-09-09,37.189999,37.520000,37.009998,37.099998,37.099998,97800
2016-09-12,37.029999,37.360001,36.410000,37.099998,37.099998,154200
2016-09-13,37.009998,37.009998,36.310001,36.750000,36.750000,72700
2016-09-14,36.779999,37.160000,36.450001,36.840000,36.840000,38900
2016-09-15,36.880001,38.480000,36.349998,36.980000,36.980000,48100
2016-09-16,37.080002,37.310001,36.799999,37.200001,37.200001,101400
2016-09-19,37.180000,37.799999,37.130001,37.720001,37.720001,97300
2016-09-20,37.750000,38.220001,37.529999,37.599998,37.599998,52600
2016-09-21,37.759998,37.980000,37.130001,37.380001,37.380001,107900
2016-09-22,37.779999,37.779999,37.389999,37.490002,37.490002,68200
2016-09-23,37.459999,37.549999,37.090000,37.349998,37.349998,33700
2016-09-26,37.290001,37.570000,37.250000,37.250000,37.250000,52200
2016-09-27,37.279999,37.830002,36.049999,37.630001,37.630001,56600
2016-09-28,37.849998,40.169998,37.849998,40.119999,40.119999,162000
2016-09-29,39.950001,40.090000,39.189999,39.240002,39.240002,81900
2016-09-30,39.520000,39.599998,39.099998,39.110001,39.110001,97800
2016-10-03,39.150002,39.150002,38.230000,38.389999,38.389999,55900
2016-10-04,38.389999,38.910000,38.349998,38.459999,38.459999,41800
2016-10-05,38.560001,38.820000,38.020000,38.330002,38.330002,125600
2016-10-06,38.040001,38.599998,37.689999,38.490002,38.490002,146700
2016-10-07,38.590000,38.590000,37.820000,38.410000,38.410000,93400
2016-10-10,38.400002,39.250000,38.349998,38.849998,38.849998,81800
2016-10-11,38.549999,38.799999,38.400002,38.650002,38.650002,55900
2016-10-12,38.500000,38.849998,38.200001,38.500000,38.500000,62300
2016-10-13,38.500000,38.900002,37.950001,38.500000,38.500000,52400
2016-10-14,38.549999,38.900002,38.049999,38.500000,38.500000,36800
2016-10-17,38.500000,38.849998,38.450001,38.650002,38.650002,21700
2016-10-18,38.849998,39.000000,38.299999,38.349998,38.349998,29300
2016-10-19,38.349998,39.200001,38.049999,39.000000,39.000000,25400
2016-10-20,39.049999,39.049999,38.049999,38.400002,38.400002,30200
2016-10-21,38.099998,38.500000,37.799999,38.200001,38.200001,16200
2016-10-24,38.500000,38.799999,37.849998,38.200001,38.200001,43900
2016-10-25,38.200001,38.299999,37.950001,38.150002,38.150002,35500
2016-10-26,38.099998,38.500000,37.900002,38.000000,38.000000,23200
2016-10-27,39.000000,40.349998,38.900002,39.900002,39.900002,100200
2016-10-28,39.799999,39.980000,38.700001,38.750000,38.750000,58600
2016-10-31,38.950001,39.200001,38.750000,38.799999,38.799999,38300
2016-11-01,38.799999,38.849998,37.650002,38.099998,38.099998,49100
2016-11-02,38.000000,38.150002,37.650002,37.700001,37.700001,61900
2016-11-03,37.650002,38.000000,36.599998,36.650002,36.650002,40900
2016-11-04,36.750000,37.200001,36.500000,36.549999,36.549999,85600
2016-11-07,36.799999,37.049999,36.450001,36.799999,36.799999,70700
2016-11-08,36.599998,37.000000,36.299999,36.450001,36.450001,43000
2016-11-09,35.849998,37.099998,35.549999,37.000000,37.000000,68500
2016-11-10,37.099998,37.599998,35.830002,37.150002,37.150002,101600
2016-11-11,37.150002,37.599998,37.099998,37.500000,37.500000,158300
2016-11-14,37.500000,39.200001,37.400002,38.200001,38.200001,140300
2016-11-15,38.250000,38.900002,38.000000,38.750000,38.750000,54900
2016-11-16,38.750000,39.849998,38.750000,39.849998,39.849998,57600
2016-11-17,39.950001,40.150002,39.700001,39.900002,39.900002,42400
2016-11-18,40.000000,40.000000,39.450001,39.750000,39.750000,49300
2016-11-21,40.000000,40.209999,39.500000,39.599998,39.599998,35000
2016-11-22,39.750000,39.799999,39.549999,39.650002,39.650002,62400
2016-11-23,39.849998,39.849998,39.099998,39.500000,39.500000,34100
2016-11-25,39.200001,39.750000,39.200001,39.650002,39.650002,13600
2016-11-28,39.650002,40.150002,39.650002,39.849998,39.849998,65200
2016-11-29,40.000000,40.200001,39.299999,39.750000,39.750000,54300
2016-11-30,39.900002,39.900002,39.099998,39.400002,39.400002,30100
2016-12-01,39.500000,39.500000,38.950001,39.150002,39.150002,27200
2016-12-02,39.250000,39.500000,38.099998,38.250000,38.250000,37200
2016-12-05,38.349998,38.799999,38.200001,38.750000,38.750000,50500
2016-12-06,38.549999,39.500000,38.549999,39.349998,39.349998,49700
2016-12-07,39.150002,39.599998,39.150002,39.400002,39.400002,38500
2016-12-08,39.450001,40.400002,39.349998,40.049999,40.049999,72400
2016-12-09,40.150002,40.299999,39.650002,39.799999,39.799999,43000
2016-12-12,39.700001,39.700001,39.200001,39.500000,39.500000,38600
2016-12-13,39.700001,39.849998,39.299999,39.500000,39.500000,40600
2016-12-14,39.500000,39.650002,39.200001,39.299999,39.299999,21300
2016-12-15,39.299999,39.799999,39.299999,39.700001,39.700001,51500
2016-12-16,39.849998,40.150002,39.750000,40.049999,40.049999,137800
2016-12-19,40.000000,41.349998,40.000000,41.250000,41.250000,140200
2016-12-20,41.549999,42.099998,41.500000,42.000000,42.000000,101100
2016-12-21,41.900002,42.099998,41.700001,41.900002,41.900002,59000
2016-12-22,41.950001,42.150002,41.650002,42.049999,42.049999,60400
2016-12-23,42.049999,42.150002,41.650002,41.950001,41.950001,62400
2016-12-27,41.500000,42.200001,41.150002,41.849998,41.849998,67100
2016-12-28,42.000000,42.000000,41.000000,41.250000,41.250000,46700
2016-12-29,41.200001,41.599998,41.000000,41.400002,41.400002,40900
2016-12-30,41.549999,41.549999,40.450001,41.049999,41.049999,71600
2017-01-03,41.349998,41.750000,40.450001,40.849998,40.849998,49800
2017-01-04,40.849998,41.549999,40.849998,41.099998,41.099998,46000
2017-01-05,41.150002,41.400002,40.750000,41.200001,41.200001,36300
2017-01-06,41.349998,41.349998,40.500000,41.049999,41.049999,51700
2017-01-09,40.900002,41.400002,40.200001,40.349998,40.349998,103300
2017-01-10,40.299999,40.599998,40.000000,40.549999,40.549999,37500
2017-01-11,40.500000,40.750000,40.299999,40.500000,40.500000,22800
2017-01-12,40.450001,40.450001,39.549999,40.250000,40.250000,56800
2017-01-13,40.200001,40.500000,40.150002,40.349998,40.349998,35900
2017-01-17,40.349998,40.349998,39.599998,40.099998,40.099998,40300
2017-01-18,40.200001,40.200001,39.450001,39.849998,39.849998,54300
2017-01-19,39.900002,39.900002,39.099998,39.400002,39.400002,35100
2017-01-20,39.400002,40.000000,39.400002,39.750000,39.750000,37500
2017-01-23,39.500000,39.900002,39.299999,39.650002,39.650002,160700
2017-01-24,39.750000,40.900002,39.700001,40.650002,40.650002,63600
2017-01-25,40.799999,41.700001,40.799999,41.400002,41.400002,35000
2017-01-26,41.389999,41.799999,40.750000,40.849998,40.849998,23700
2017-01-27,40.849998,41.599998,40.400002,41.299999,41.299999,83800
2017-01-30,41.700001,41.700001,40.900002,41.000000,41.000000,56800
2017-01-31,40.900002,41.000000,40.500000,40.750000,40.750000,56800
2017-02-01,41.150002,41.299999,40.250000,40.549999,40.549999,38300
2017-02-02,40.099998,40.700001,40.099998,40.349998,40.349998,70500
2017-02-03,40.500000,41.049999,39.849998,40.049999,40.049999,36400
2017-02-06,39.950001,40.099998,39.250000,39.299999,39.299999,23300
2017-02-07,39.250000,39.250000,38.500000,38.700001,38.700001,25200
2017-02-08,38.549999,38.549999,38.000000,38.200001,38.200001,28800
2017-02-09,38.200001,38.849998,38.150002,38.849998,38.849998,32500
2017-02-10,38.849998,39.200001,38.700001,38.799999,38.799999,18400
2017-02-13,38.799999,39.099998,38.750000,39.049999,39.049999,26500
2017-02-14,38.900002,39.200001,38.599998,39.150002,39.150002,40100
2017-02-15,39.000000,39.599998,39.000000,39.599998,39.599998,38400
2017-02-16,39.759998,40.200001,39.299999,40.049999,40.049999,30300
2017-02-17,40.200001,41.099998,40.080002,40.900002,40.900002,41700
2017-02-21,40.950001,40.950001,40.400002,40.500000,40.500000,19400
2017-02-22,40.400002,41.000000,40.200001,40.349998,40.349998,16400
2017-02-23,40.349998,40.400002,40.099998,40.299999,40.299999,29100
2017-02-24,40.000000,40.400002,40.000000,40.400002,40.400002,19700
2017-02-27,40.299999,41.950001,40.150002,41.750000,41.750000,115700
2017-02-28,41.700001,41.700001,40.250000,40.900002,40.900002,48600
2017-03-01,41.349998,42.099998,40.950001,41.700001,41.700001,75000
2017-03-02,41.750000,41.750000,39.700001,40.049999,40.049999,60700
2017-03-03,40.049999,40.250000,39.500000,39.650002,39.650002,47000
2017-03-06,39.700001,39.849998,39.599998,39.650002,39.650002,37000
2017-03-07,39.700001,39.790001,39.279999,39.450001,39.450001,91100
2017-03-08,39.750000,39.750000,39.200001,39.349998,39.349998,41400
2017-03-09,39.549999,39.730000,39.250000,39.400002,39.400002,35800
2017-03-10,39.849998,39.849998,39.099998,39.150002,39.150002,49800
2017-03-13,39.150002,39.849998,39.150002,39.450001,39.450001,46100
2017-03-14,39.500000,39.549999,39.099998,39.150002,39.150002,40000
2017-03-15,39.349998,39.750000,39.000000,39.650002,39.650002,38200
2017-03-16,39.799999,39.799999,39.299999,39.450001,39.450001,23100
2017-03-17,39.299999,39.500000,39.200001,39.200001,39.200001,107300
2017-03-20,39.299999,40.349998,39.099998,40.200001,40.200001,49900
2017-03-21,40.549999,40.619999,38.950001,39.000000,39.000000,37100
2017-03-22,38.950001,39.200001,38.849998,38.849998,38.849998,72200
2017-03-23,39.000000,39.450001,38.759998,39.150002,39.150002,31900
2017-03-24,39.349998,39.450001,39.000000,39.349998,39.349998,37000
2017-03-27,38.900002,39.700001,38.849998,39.450001,39.450001,19000
2017-03-28,39.500000,39.950001,39.099998,39.900002,39.900002,21900
2017-03-29,39.849998,40.099998,39.549999,39.799999,39.799999,35400
2017-03-30,39.849998,39.900002,39.450001,39.599998,39.599998,23700
2017-03-31,39.650002,39.849998,39.250000,39.400002,39.400002,49900
2017-04-03,39.400002,39.549999,39.049999,39.049999,39.049999,55600
2017-04-04,39.000000,39.150002,38.900002,39.099998,39.099998,56500
2017-04-05,39.200001,39.450001,38.299999,38.450001,38.450001,70300
2017-04-06,38.349998,38.900002,38.349998,38.599998,38.599998,49200
2017-04-07,38.750000,38.799999,38.349998,38.599998,38.599998,91500
2017-04-10,38.500000,39.049999,37.900002,37.950001,37.950001,48900
2017-04-11,38.000000,38.500000,37.750000,38.299999,38.299999,53100
2017-04-12,38.500000,38.500000,37.599998,37.750000,37.750000,39500
2017-04-13,38.049999,38.049999,36.849998,36.849998,36.849998,74700
2017-04-17,37.049999,37.250000,36.799999,37.250000,37.250000,44300
2017-04-18,37.099998,37.500000,37.099998,37.299999,37.299999,25100
2017-04-19,37.599998,37.650002,37.099998,37.099998,37.099998,33800
2017-04-20,37.400002,37.549999,37.250000,37.450001,37.450001,35800
2017-04-21,37.450001,37.599998,37.250000,37.450001,37.450001,43100
2017-04-24,38.049999,38.200001,37.750000,37.950001,37.950001,33800
2017-04-25,38.099998,39.250000,38.099998,39.250000,39.250000,51100
2017-04-26,39.099998,39.900002,39.099998,39.599998,39.599998,47900
2017-04-27,39.599998,40.000000,38.900002,38.950001,38.950001,27000
2017-04-28,38.900002,39.099998,38.250000,38.349998,38.349998,34700
2017-05-01,38.400002,38.799999,38.250000,38.750000,38.750000,22800
2017-05-02,38.700001,38.900002,38.400002,38.900002,38.900002,34200
2017-05-03,38.599998,38.900002,37.799999,37.900002,37.900002,48400
2017-05-04,38.000000,38.250000,37.400002,37.799999,37.799999,30700
2017-05-05,37.799999,37.950001,37.599998,37.750000,37.750000,44700
2017-05-08,37.700001,37.950001,37.299999,37.750000,37.750000,36800
2017-05-09,37.650002,37.900002,37.400002,37.599998,37.599998,37300
2017-05-10,37.450001,37.750000,37.299999,37.500000,37.500000,39900
2017-05-11,37.400002,37.650002,37.200001,37.450001,37.450001,68500
2017-05-12,37.400002,37.650002,37.000000,37.349998,37.349998,62100
2017-05-15,37.450001,37.500000,37.200001,37.400002,37.400002,46100
2017-05-16,37.549999,38.250000,37.200001,38.150002,38.150002,55500
2017-05-17,37.599998,37.799999,37.150002,37.150002,37.150002,50900
2017-05-18,37.250000,37.900002,37.049999,37.500000,37.500000,36000
2017-05-19,37.500000,38.150002,37.400002,37.500000,37.500000,37900
2017-05-22,37.400002,38.500000,37.400002,38.450001,38.450001,34600
2017-05-23,38.500000,38.950001,38.349998,38.849998,38.849998,20800
2017-05-24,38.900002,39.400002,38.450001,39.150002,39.150002,38200
2017-05-25,39.250000,39.349998,38.630001,38.849998,38.849998,32300
2017-05-26,38.750000,39.700001,38.549999,39.599998,39.599998,26300
2017-05-30,39.549999,39.549999,39.000000,39.049999,39.049999,14200
2017-05-31,39.150002,39.549999,38.549999,39.500000,39.500000,31100
2017-06-01,39.750000,41.099998,39.700001,41.049999,41.049999,39500
2017-06-02,41.000000,41.599998,40.750000,40.799999,40.799999,56200
2017-06-05,41.000000,41.849998,40.549999,41.799999,41.799999,49600
2017-06-06,41.450001,41.650002,41.099998,41.450001,41.450001,47900
2017-06-07,41.500000,41.750000,41.200001,41.450001,41.450001,48800
2017-06-08,41.450001,41.950001,41.200001,41.849998,41.849998,37400
2017-06-09,41.799999,42.700001,41.750000,42.000000,42.000000,72900
2017-06-12,42.099998,42.950001,42.099998,42.799999,42.799999,42800
2017-06-13,43.750000,43.750000,42.400002,43.150002,43.150002,37200
2017-06-14,43.250000,43.250000,42.099998,42.400002,42.400002,42300
2017-06-15,41.799999,42.650002,41.799999,42.549999,42.549999,25400
2017-06-16,42.099998,42.299999,41.599998,41.750000,41.750000,109000
2017-06-19,42.099998,42.099998,41.250000,41.950001,41.950001,39300
2017-06-20,41.849998,42.150002,41.099998,41.500000,41.500000,55500
2017-06-21,41.700001,41.700001,40.849998,40.900002,40.900002,31100
2017-06-22,40.900002,41.349998,40.450001,41.049999,41.049999,21500
2017-06-23,41.049999,41.799999,40.750000,41.000000,41.000000,153000
2017-06-26,41.299999,41.299999,40.500000,40.950001,40.950001,57500
2017-06-27,40.900002,41.650002,40.599998,41.400002,41.400002,30600
2017-06-28,41.549999,41.750000,41.200001,41.650002,41.650002,32100
2017-06-29,41.750000,41.750000,40.799999,41.400002,41.400002,18200
2017-06-30,41.500000,41.799999,41.000000,41.549999,41.549999,29100
2017-07-03,42.000000,42.099998,41.799999,41.900002,41.900002,24700
2017-07-05,41.950001,41.950001,41.299999,41.349998,41.349998,41400
2017-07-06,41.150002,41.150002,40.500000,40.750000,40.750000,45200
2017-07-07,40.799999,41.799999,40.799999,41.650002,41.650002,31500
2017-07-10,41.450001,42.099998,40.849998,41.750000,41.750000,24900
2017-07-11,41.700001,42.349998,41.630001,42.000000,42.000000,25200
2017-07-12,42.150002,42.630001,41.730000,42.150002,42.150002,37500
2017-07-13,42.000000,42.500000,41.700001,42.049999,42.049999,21300
2017-07-14,42.000000,42.380001,41.880001,42.049999,42.049999,19300
2017-07-17,42.049999,43.230000,41.950001,43.099998,43.099998,45800
2017-07-18,43.000000,43.000000,42.150002,42.950001,42.950001,34300
2017-07-19,42.900002,43.900002,42.900002,43.650002,43.650002,32900
2017-07-20,43.750000,44.450001,43.349998,44.299999,44.299999,34400
2017-07-21,44.650002,44.849998,44.299999,44.650002,44.650002,60500
2017-07-24,44.599998,45.000000,44.299999,44.650002,44.650002,32200
2017-07-25,44.799999,45.750000,44.759998,44.950001,44.950001,58500
2017-07-26,45.400002,45.400002,44.349998,45.349998,45.349998,27900
2017-07-27,45.700001,46.580002,44.500000,45.549999,45.549999,39200
2017-07-28,45.349998,46.099998,45.000000,46.099998,46.099998,28500
2017-07-31,46.150002,46.650002,45.799999,46.549999,46.549999,38200
2017-08-01,46.750000,47.349998,46.150002,46.900002,46.900002,52800
2017-08-02,46.950001,47.480000,46.150002,46.750000,46.750000,44800
2017-08-03,46.750000,47.150002,46.250000,46.400002,46.400002,49100
2017-08-04,46.599998,47.349998,46.250000,46.950001,46.950001,50900
2017-08-07,47.000000,47.650002,46.849998,47.250000,47.250000,38200
2017-08-08,47.299999,47.950001,47.099998,47.500000,47.500000,47600
2017-08-09,46.950001,47.299999,46.299999,46.349998,46.349998,66300
2017-08-10,46.349998,46.400002,45.150002,45.450001,45.450001,51800
2017-08-11,45.500000,45.830002,44.930000,45.099998,45.099998,34600
2017-08-14,45.349998,46.250000,45.250000,46.200001,46.200001,34700
2017-08-15,46.250000,46.299999,45.349998,45.750000,45.750000,42300
2017-08-16,45.849998,46.000000,45.599998,45.650002,45.650002,21700
2017-08-17,45.349998,45.400002,44.450001,44.500000,44.500000,46900
2017-08-18,44.000000,44.250000,43.000000,43.549999,43.549999,55500
2017-08-21,43.400002,44.150002,43.400002,43.750000,43.750000,33300
2017-08-22,44.000000,44.400002,43.200001,43.450001,43.450001,34400
2017-08-23,43.099998,43.349998,42.580002,42.799999,42.799999,39900
2017-08-24,42.799999,43.349998,42.560001,42.799999,42.799999,32700
2017-08-25,42.950001,43.799999,42.400002,43.599998,43.599998,48800
2017-08-28,43.549999,43.650002,42.849998,43.200001,43.200001,28500
2017-08-29,43.299999,43.950001,42.700001,43.900002,43.900002,38700
2017-08-30,43.650002,45.000000,43.450001,44.700001,44.700001,51600
2017-08-31,44.700001,45.500000,44.250000,45.400002,45.400002,38700
2017-09-01,45.349998,45.750000,44.650002,45.700001,45.700001,26100
2017-09-05,45.599998,45.849998,44.400002,44.549999,44.549999,39600
2017-09-06,44.799999,45.560001,44.750000,45.099998,45.099998,30900
2017-09-07,45.200001,45.349998,44.250000,44.450001,44.450001,24900
2017-09-08,44.349998,44.549999,43.900002,44.349998,44.349998,22500
2017-09-11,44.500000,45.349998,44.139999,44.900002,44.900002,21100
2017-09-12,44.740002,45.299999,44.400002,44.750000,44.750000,26600
2017-09-13,44.700001,44.900002,44.250000,44.349998,44.349998,25000
2017-09-14,44.250000,44.500000,43.849998,44.000000,44.000000,33800
2017-09-15,44.099998,45.000000,43.750000,44.250000,44.250000,129300
2017-09-18,44.400002,47.099998,44.400002,46.849998,46.849998,77800
2017-09-19,46.700001,47.549999,46.099998,47.150002,47.150002,79700
2017-09-20,47.250000,48.000000,47.150002,47.700001,47.700001,57400
2017-09-21,47.750000,48.049999,47.700001,48.000000,48.000000,79600
2017-09-22,48.150002,48.400002,47.200001,48.200001,48.200001,54600
2017-09-25,48.200001,48.500000,47.450001,47.599998,47.599998,29300
2017-09-26,47.650002,48.200001,47.349998,48.099998,48.099998,52600
2017-09-27,48.200001,48.680000,47.950001,48.250000,48.250000,59500
2017-09-28,48.250000,49.150002,48.099998,49.099998,49.099998,63800
2017-09-29,48.950001,49.549999,48.900002,49.500000,49.500000,75400
2017-10-02,49.500000,50.549999,49.349998,49.849998,49.849998,256800
2017-10-03,49.950001,49.950001,48.700001,49.500000,49.500000,58500
2017-10-04,49.450001,50.000000,48.830002,49.500000,49.500000,61300
2017-10-05,49.700001,50.849998,49.700001,50.549999,50.549999,128700
2017-10-06,50.700001,51.650002,50.700001,51.250000,51.250000,57400
2017-10-09,51.549999,51.750000,50.599998,50.900002,50.900002,74200
2017-10-10,51.049999,51.150002,50.650002,50.950001,50.950001,43000
2017-10-11,51.000000,51.029999,50.700001,50.799999,50.799999,137100
2017-10-12,50.750000,50.900002,50.099998,50.250000,50.250000,35600
2017-10-13,50.400002,50.400002,50.000000,50.099998,50.099998,31400
2017-10-16,50.000000,50.430000,49.599998,49.799999,49.799999,23000
2017-10-17,49.849998,49.900002,49.349998,49.549999,49.549999,115300
2017-10-18,49.900002,50.049999,49.450001,49.849998,49.849998,41900
2017-10-19,49.450001,49.900002,49.299999,49.549999,49.549999,24100
2017-10-20,49.950001,50.000000,49.150002,49.250000,49.250000,23400
2017-10-23,49.200001,49.200001,48.380001,48.799999,48.799999,29900
2017-10-24,48.799999,49.500000,48.750000,49.049999,49.049999,31000
2017-10-25,49.150002,49.150002,48.400002,48.950001,48.950001,19500
2017-10-26,49.099998,49.299999,48.689999,49.000000,49.000000,30400
2017-10-27,48.950001,48.950001,48.049999,48.200001,48.200001,47400
2017-10-30,48.250000,48.630001,47.099998,47.500000,47.500000,44000
2017-10-31,47.750000,48.049999,46.900002,47.150002,47.150002,63100
2017-11-01,47.500000,47.500000,46.299999,46.799999,46.799999,43400
2017-11-02,46.950001,46.950001,45.799999,46.500000,46.500000,38400
2017-11-03,46.400002,46.400002,45.400002,45.700001,45.700001,34500
2017-11-06,45.500000,46.299999,45.500000,45.750000,45.750000,32100
2017-11-07,45.849998,45.950001,45.049999,45.250000,45.250000,27500
2017-11-08,45.049999,45.150002,44.250000,44.900002,44.900002,48300
2017-11-09,44.450001,45.130001,44.150002,44.599998,44.599998,27300
2017-11-10,44.549999,46.200001,44.549999,45.500000,45.500000,36500
2017-11-13,45.450001,45.599998,44.750000,45.349998,45.349998,30700
2017-11-14,45.099998,45.200001,44.799999,45.049999,45.049999,16800
2017-11-15,45.000000,45.700001,44.599998,45.250000,45.250000,23700
2017-11-16,45.349998,47.500000,45.349998,46.950001,46.950001,37400
2017-11-17,46.650002,47.150002,46.540001,46.799999,46.799999,37900
2017-11-20,47.000000,47.500000,46.700001,47.000000,47.000000,69900
2017-11-21,47.200001,49.099998,46.950001,47.099998,47.099998,48400
2017-11-22,47.049999,47.849998,46.950001,47.049999,47.049999,33600
2017-11-24,47.099998,48.700001,47.099998,47.500000,47.500000,18700
2017-11-27,47.500000,47.549999,47.150002,47.200001,47.200001,26200
2017-11-28,47.250000,48.799999,46.900002,47.549999,47.549999,84200
2017-11-29,47.599998,48.250000,47.599998,47.950001,47.950001,75800
2017-11-30,48.250000,48.250000,46.549999,46.700001,46.700001,58500
2017-12-01,46.549999,46.549999,43.849998,46.450001,46.450001,39000
2017-12-04,46.599998,47.000000,45.799999,45.900002,45.900002,48100
2017-12-05,46.049999,46.400002,45.049999,45.099998,45.099998,37300
2017-12-06,45.049999,45.250000,44.099998,44.200001,44.200001,29500
2017-12-07,44.250000,44.650002,44.000000,44.450001,44.450001,43900
2017-12-08,44.500000,44.849998,43.700001,43.900002,43.900002,25700
2017-12-11,44.000000,44.150002,43.599998,43.950001,43.950001,25600
2017-12-12,44.000000,44.490002,43.049999,43.200001,43.200001,30900
2017-12-13,43.299999,44.000000,43.200001,43.400002,43.400002,44500
2017-12-14,43.450001,44.049999,43.230000,43.700001,43.700001,33700
2017-12-15,43.599998,45.349998,43.599998,44.500000,44.500000,108200
2017-12-18,45.619999,45.619999,43.650002,44.000000,44.000000,32800
2017-12-19,44.049999,44.450001,43.450001,43.650002,43.650002,24400
2017-12-20,43.700001,46.799999,43.439999,44.099998,44.099998,38300
2017-12-21,44.150002,45.439999,44.150002,44.849998,44.849998,25300
2017-12-22,46.799999,46.799999,43.950001,44.200001,44.200001,19500
2017-12-26,44.200001,44.599998,43.349998,43.799999,43.799999,24700
2017-12-27,43.900002,44.150002,43.400002,43.750000,43.750000,16600
2017-12-28,43.750000,43.849998,43.000000,43.750000,43.750000,17500
2017-12-29,43.950001,44.700001,43.950001,44.049999,44.049999,42300
2018-01-02,44.250000,45.500000,44.200001,45.200001,45.200001,30400
2018-01-03,45.099998,45.849998,44.980000,45.349998,45.349998,37800
2018-01-04,45.450001,45.549999,44.700001,45.400002,45.400002,25400
2018-01-05,45.400002,46.049999,45.400002,46.000000,46.000000,30200
2018-01-08,45.900002,46.750000,45.650002,46.299999,46.299999,40200
2018-01-09,46.250000,46.450001,45.349998,45.450001,45.450001,30200
2018-01-10,45.400002,45.400002,44.450001,44.450001,44.450001,20200
2018-01-11,44.599998,45.560001,44.500000,45.150002,45.150002,34200
2018-01-12,45.400002,46.650002,45.400002,46.450001,46.450001,42900
2018-01-16,46.849998,47.610001,46.099998,46.650002,46.650002,34600
2018-01-17,46.900002,47.450001,46.779999,47.200001,47.200001,44600
2018-01-18,47.299999,47.950001,47.099998,47.599998,47.599998,37000
2018-01-19,47.500000,48.049999,47.150002,47.950001,47.950001,43400
2018-01-22,47.900002,48.299999,47.599998,47.900002,47.900002,47900
2018-01-23,47.900002,48.799999,47.730000,48.500000,48.500000,27000
2018-01-24,48.700001,48.750000,47.700001,47.700001,47.700001,33500
2018-01-25,47.849998,48.400002,47.250000,47.500000,47.500000,15900
2018-01-26,47.650002,48.200001,46.700001,47.849998,47.849998,23900
2018-01-29,47.650002,48.400002,47.250000,48.099998,48.099998,18600
2018-01-30,47.849998,48.500000,47.000000,47.650002,47.650002,18900
2018-01-31,47.849998,47.849998,46.650002,46.650002,46.650002,17600
2018-02-01,46.650002,47.900002,46.450001,47.450001,47.450001,31700
2018-02-02,47.299999,47.349998,46.500000,46.549999,46.549999,18200
2018-02-05,46.250000,47.500000,45.049999,45.250000,45.250000,41400
2018-02-06,44.549999,45.349998,43.650002,44.099998,44.099998,45700
2018-02-07,43.630001,45.150002,43.630001,44.400002,44.400002,39900
2018-02-08,44.549999,44.799999,43.950001,44.000000,44.000000,38900
2018-02-09,44.150002,44.650002,43.200001,44.150002,44.150002,30500
2018-02-12,44.250000,44.650002,43.599998,44.250000,44.250000,34900
2018-02-13,44.049999,44.599998,44.000000,44.500000,44.500000,38900
2018-02-14,44.250000,45.400002,44.250000,45.349998,45.349998,87000
2018-02-15,45.549999,45.709999,44.799999,45.150002,45.150002,30700
2018-02-16,44.900002,45.770000,44.900002,45.349998,45.349998,48200
2018-02-20,45.200001,45.599998,45.000000,45.299999,45.299999,27100
2018-02-21,45.349998,45.860001,45.200001,45.500000,45.500000,18900
2018-02-22,45.500000,45.830002,45.200001,45.400002,45.400002,17500
2018-02-23,45.400002,46.500000,45.400002,46.200001,46.200001,12200
2018-02-26,46.200001,47.049999,45.849998,46.599998,46.599998,22500
2018-02-27,46.549999,46.549999,45.250000,45.400002,45.400002,11800
2018-02-28,45.450001,45.650002,44.250000,44.299999,44.299999,36200
2018-03-01,44.349998,44.799999,43.349998,44.200001,44.200001,30300
2018-03-02,43.500000,45.000000,43.500000,44.950001,44.950001,20100
2018-03-05,44.750000,46.250000,44.650002,45.349998,45.349998,24900
2018-03-06,45.450001,46.150002,44.599998,46.099998,46.099998,20500
2018-03-07,45.849998,46.500000,44.950001,45.950001,45.950001,73500
2018-03-08,46.099998,46.099998,44.849998,45.599998,45.599998,37100
2018-03-09,45.900002,47.799999,45.750000,46.599998,46.599998,32100
2018-03-12,46.500000,47.450001,45.950001,47.150002,47.150002,22300
2018-03-13,47.099998,47.099998,46.000000,46.150002,46.150002,34600
2018-03-14,46.250000,46.250000,45.250000,45.400002,45.400002,18900
2018-03-15,44.950001,45.549999,44.900002,45.099998,45.099998,18600
2018-03-16,45.349998,45.750000,45.049999,45.250000,45.250000,74400
2018-03-19,45.250000,45.349998,44.599998,45.000000,45.000000,24100
2018-03-20,45.400002,45.700001,44.200001,44.849998,44.849998,29200
2018-03-21,45.250000,46.200001,44.799999,45.250000,45.250000,32200
2018-03-22,44.849998,45.950001,44.500000,44.750000,44.750000,34400
2018-03-23,44.799999,45.400002,43.750000,43.950001,43.950001,45400
2018-03-26,45.299999,45.439999,43.299999,43.650002,43.650002,55800
2018-03-27,43.849998,44.349998,42.299999,42.349998,42.349998,51400
2018-03-28,42.299999,42.750000,41.150002,41.500000,41.500000,31200
2018-03-29,41.700001,43.340000,41.450001,41.650002,41.650002,119100
2018-04-02,41.700001,42.049999,40.549999,40.799999,40.799999,51100
2018-04-03,40.799999,41.580002,40.450001,40.799999,40.799999,82700
2018-04-04,40.450001,40.849998,40.130001,40.700001,40.700001,129400
2018-04-05,40.750000,41.299999,40.549999,40.750000,40.750000,179100
2018-04-06,40.599998,40.900002,39.799999,40.000000,40.000000,62900
2018-04-09,40.150002,40.150002,39.770000,40.000000,40.000000,166600
2018-04-10,40.299999,40.650002,39.750000,39.849998,39.849998,167200
2018-04-11,39.750000,40.599998,39.700001,40.049999,40.049999,142400
2018-04-12,40.099998,40.200001,39.799999,39.900002,39.900002,85100
2018-04-13,39.950001,40.080002,39.750000,40.000000,40.000000,96300
2018-04-16,40.150002,40.150002,39.750000,39.900002,39.900002,131100
2018-04-17,40.049999,40.110001,39.650002,39.799999,39.799999,121000
2018-04-18,40.000000,40.400002,39.650002,39.750000,39.750000,153300
2018-04-19,39.700001,40.349998,39.549999,40.150002,40.150002,199200
2018-04-20,40.049999,40.299999,39.500000,39.799999,39.799999,62900
2018-04-23,39.799999,40.299999,39.750000,40.099998,40.099998,95600
2018-04-24,40.150002,40.580002,39.500000,39.700001,39.700001,42200
2018-04-25,39.700001,39.950001,39.450001,39.750000,39.750000,53600
2018-04-26,39.799999,40.130001,39.500000,39.700001,39.700001,57800
2018-04-27,39.849998,40.049999,39.299999,39.400002,39.400002,45200
2018-04-30,39.400002,39.400002,38.599998,38.849998,38.849998,81000
2018-05-01,38.750000,38.950001,38.250000,38.900002,38.900002,63200
2018-05-02,38.900002,39.500000,38.799999,38.950001,38.950001,37000
2018-05-03,38.799999,38.799999,37.650002,38.200001,38.200001,56900
2018-05-04,38.099998,39.299999,37.950001,39.000000,39.000000,85800
2018-05-07,39.099998,40.500000,39.099998,39.150002,39.150002,56900
2018-05-08,39.099998,39.549999,38.799999,38.900002,38.900002,87700
2018-05-09,38.900002,39.400002,38.099998,38.349998,38.349998,99400
2018-05-10,38.349998,39.150002,38.150002,38.950001,38.950001,69500
2018-05-11,39.000000,39.750000,38.830002,39.200001,39.200001,65700
2018-05-14,39.150002,39.150002,38.500000,38.549999,38.549999,29500
2018-05-15,38.500000,38.849998,38.450001,38.650002,38.650002,40400
2018-05-16,38.650002,39.480000,38.599998,38.950001,38.950001,62000
2018-05-17,38.950001,39.299999,38.849998,39.099998,39.099998,55400
2018-05-18,39.299999,39.549999,39.000000,39.400002,39.400002,38700
2018-05-21,39.450001,39.900002,39.150002,39.450001,39.450001,43700
2018-05-22,39.500000,39.950001,39.450001,39.549999,39.549999,21000
2018-05-23,39.450001,39.750000,39.250000,39.500000,39.500000,23200
2018-05-24,39.450001,39.799999,39.150002,39.150002,39.150002,16400
2018-05-25,39.099998,39.549999,38.450001,38.849998,38.849998,65700
2018-05-29,38.700001,39.900002,38.700001,38.900002,38.900002,61600
2018-05-30,39.450001,39.500000,38.299999,38.750000,38.750000,68500
2018-05-31,38.700001,39.900002,38.000000,38.400002,38.400002,78500
2018-06-01,38.599998,38.950001,38.349998,38.950001,38.950001,42700
2018-06-04,39.000000,40.799999,38.099998,38.250000,38.250000,76300
2018-06-05,38.299999,39.000000,37.799999,37.900002,37.900002,57200
2018-06-06,37.849998,38.650002,36.849998,38.599998,38.599998,227200
2018-06-07,38.599998,39.250000,38.500000,38.950001,38.950001,38200
2018-06-08,39.000000,39.250000,38.349998,38.700001,38.700001,62000
2018-06-11,38.599998,39.150002,38.000000,38.450001,38.450001,64300
2018-06-12,38.500000,38.599998,37.400002,38.099998,38.099998,85800
2018-06-13,38.099998,38.650002,37.700001,37.900002,37.900002,56600
2018-06-14,37.950001,38.400002,37.849998,38.349998,38.349998,24300
2018-06-15,38.150002,38.700001,37.919998,38.500000,38.500000,61400
2018-06-18,38.500000,38.900002,38.099998,38.849998,38.849998,41300
2018-06-19,38.750000,38.849998,38.450001,38.700001,38.700001,37500
2018-06-20,38.650002,38.950001,38.650002,38.900002,38.900002,33000
2018-06-21,38.849998,38.950001,38.150002,38.200001,38.200001,32200
2018-06-22,38.250000,38.900002,38.150002,38.900002,38.900002,111500
2018-06-25,38.650002,38.700001,38.049999,38.250000,38.250000,32200
2018-06-26,38.250000,38.299999,37.950001,38.049999,38.049999,24000
2018-06-27,38.049999,38.299999,37.200001,37.650002,37.650002,44000
2018-06-28,37.599998,37.799999,37.250000,37.650002,37.650002,30200
2018-06-29,37.750000,37.799999,37.299999,37.599998,37.599998,80200
2018-07-02,37.299999,37.799999,37.099998,37.650002,37.650002,44500
2018-07-03,37.799999,38.299999,37.700001,38.250000,38.250000,14900
2018-07-05,38.349998,38.849998,38.250000,38.400002,38.400002,76100
2018-07-06,38.450001,39.599998,38.400002,39.099998,39.099998,131700
2018-07-09,39.150002,39.700001,38.849998,39.299999,39.299999,55000
2018-07-10,39.400002,39.549999,39.049999,39.250000,39.250000,53000
2018-07-11,39.200001,39.439999,38.599998,38.599998,38.599998,27000
2018-07-12,38.750000,38.950001,38.299999,38.700001,38.700001,62900
2018-07-13,38.549999,39.000000,38.419998,38.900002,38.900002,41100
2018-07-16,38.849998,38.950001,38.599998,38.900002,38.900002,21000
2018-07-17,38.799999,39.099998,38.549999,38.700001,38.700001,18300
2018-07-18,38.750000,38.799999,38.299999,38.400002,38.400002,28800
2018-07-19,38.349998,38.450001,38.200001,38.250000,38.250000,21600
2018-07-20,38.150002,39.200001,38.049999,38.650002,38.650002,37000
2018-07-23,38.599998,38.599998,37.599998,37.650002,37.650002,53100
2018-07-24,37.950001,38.150002,37.450001,37.700001,37.700001,30600
2018-07-25,38.150002,38.150002,37.150002,37.599998,37.599998,28900
2018-07-26,37.599998,39.200001,37.599998,38.250000,38.250000,70000
2018-07-27,38.299999,38.900002,38.250000,38.650002,38.650002,44500
2018-07-30,38.700001,40.250000,38.700001,38.799999,38.799999,113400
2018-07-31,38.950001,39.799999,38.950001,39.500000,39.500000,134200
2018-08-01,39.549999,40.500000,38.950001,40.349998,40.349998,78800
2018-08-02,40.250000,42.150002,40.099998,42.000000,42.000000,78000
